-1.157776719310000004e+02 3.260259451120001017e+01 1.000000000000000000e+00 5.770976595595248559e-01 2.000000000000000000e+00 6.322499999999999787e-01
-1.157776719310000004e+02 3.262059451120001086e+01 2.000000000000000000e+00 7.564816483891251275e-01 1.000000000000000000e+00 6.643000000000000016e-01
-1.157596719309999997e+02 3.258459451120000949e+01 3.000000000000000000e+00 7.211125537408942243e-01 1.000000000000000000e+00 6.679500000000000437e-01
-1.157596719309999997e+02 3.260259451120001017e+01 4.000000000000000000e+00 5.841367926230183194e-01 2.000000000000000000e+00 6.882000000000000339e-01
-1.157596719309999997e+02 3.262059451120001086e+01 5.000000000000000000e+00 7.326703716231880437e-01 1.000000000000000000e+00 7.394749999999999934e-01
-1.157416719309999991e+02 3.258459451120000949e+01 6.000000000000000000e+00 6.710713697043879655e-01 1.000000000000000000e+00 7.541666666666667629e-01
-1.157416719309999991e+02 3.260259451120001017e+01 7.000000000000000000e+00 5.705385679072983995e-01 0.000000000000000000e+00 7.652166666666667671e-01
-1.157416719309999991e+02 3.262059451120001086e+01 8.000000000000000000e+00 7.358805709814727480e-01 1.000000000000000000e+00 8.289833333333332943e-01
-1.157416719309999991e+02 3.263859451120001154e+01 9.000000000000000000e+00 7.690278949330527913e-01 1.000000000000000000e+00 8.779166666666666785e-01
-1.157236719309999984e+02 3.254859451120000813e+01 1.000000000000000000e+01 8.106088053955833317e-01 1.000000000000000000e+00 5.819250000000000256e-01
-1.157236719309999984e+02 3.256659451120000881e+01 1.100000000000000000e+01 6.664048369577985076e-01 1.000000000000000000e+00 7.927333333333334009e-01
-1.157236719309999984e+02 3.258459451120000949e+01 1.200000000000000000e+01 5.815080187926118249e-01 2.000000000000000000e+00 8.245749999999999469e-01
-1.157236719309999984e+02 3.260259451120001017e+01 1.300000000000000000e+01 4.115964587696801513e-01 0.000000000000000000e+00 8.201249999999999929e-01
-1.157236719309999984e+02 3.262059451120001086e+01 1.400000000000000000e+01 4.468187029393264065e-01 2.000000000000000000e+00 8.628749999999999476e-01
-1.157236719309999984e+02 3.263859451120001154e+01 1.500000000000000000e+01 5.756028781773345759e-01 2.000000000000000000e+00 9.283250000000000668e-01
-1.157056719309999977e+02 3.254859451120000813e+01 1.600000000000000000e+01 6.705856761937154520e-01 1.000000000000000000e+00 7.502500000000000835e-01
-1.157056719309999977e+02 3.256659451120000881e+01 1.700000000000000000e+01 5.185255054889852389e-01 0.000000000000000000e+00 8.349500000000000810e-01
-1.157056719309999977e+02 3.258459451120000949e+01 1.800000000000000000e+01 7.069174241534350589e-01 1.000000000000000000e+00 9.193750000000000533e-01
-1.157056719309999977e+02 3.260259451120001017e+01 1.900000000000000000e+01 5.341092737931310008e-01 2.000000000000000000e+00 9.022999999999999909e-01
-1.157056719309999977e+02 3.262059451120001086e+01 2.000000000000000000e+01 2.920641375628284520e-01 0.000000000000000000e+00 9.091000000000000192e-01
-1.157056719309999977e+02 3.263859451120001154e+01 2.100000000000000000e+01 3.613139970637944676e-01 2.000000000000000000e+00 9.106250000000000178e-01
-1.157056719309999977e+02 3.265659451120001222e+01 2.200000000000000000e+01 7.273593634854638168e-01 1.000000000000000000e+00 9.979249999999999510e-01
-1.156876719309999970e+02 3.253059451120000745e+01 2.300000000000000000e+01 7.924636185628651797e-01 1.000000000000000000e+00 6.690500000000000336e-01
-1.156876719309999970e+02 3.254859451120000813e+01 2.400000000000000000e+01 7.177146348936357390e-01 1.000000000000000000e+00 8.079000000000000625e-01
-1.156876719309999970e+02 3.256659451120000881e+01 2.500000000000000000e+01 6.420606158639798888e-01 1.000000000000000000e+00 9.233333333333333393e-01
-1.156876719309999970e+02 3.258459451120000949e+01 2.600000000000000000e+01 6.257395221562747079e-01 2.000000000000000000e+00 9.636749999999999483e-01
-1.156876719309999970e+02 3.260259451120001017e+01 2.700000000000000000e+01 7.691893341659291616e-01 1.000000000000000000e+00 9.734750000000000902e-01
-1.156876719309999970e+02 3.262059451120001086e+01 2.800000000000000000e+01 7.285538031867007103e-01 1.000000000000000000e+00 9.632749999999999924e-01
-1.156876719309999970e+02 3.263859451120001154e+01 2.900000000000000000e+01 6.021346652026874358e-01 2.000000000000000000e+00 9.548249999999999238e-01
-1.156876719309999970e+02 3.265659451120001222e+01 3.000000000000000000e+01 7.317972120562067362e-01 1.000000000000000000e+00 9.197750000000000092e-01
-1.156696719309999963e+02 3.251259451120000676e+01 3.100000000000000000e+01 8.086893976065826495e-01 1.000000000000000000e+00 6.537250000000000005e-01
-1.156696719309999963e+02 3.253059451120000745e+01 3.200000000000000000e+01 7.203022326497867667e-01 1.000000000000000000e+00 7.935750000000000304e-01
-1.156696719309999963e+02 3.254859451120000813e+01 3.300000000000000000e+01 6.408131290908941624e-01 0.000000000000000000e+00 8.749249999999999527e-01
-1.156696719309999963e+02 3.256659451120000881e+01 3.400000000000000000e+01 6.885916310402994123e-01 1.000000000000000000e+00 9.465333333333333377e-01
-1.156696719309999963e+02 3.258459451120000949e+01 3.500000000000000000e+01 7.730155353563185061e-01 1.000000000000000000e+00 9.420500000000000540e-01
-1.156516719309999957e+02 3.247659451120000540e+01 3.600000000000000000e+01 8.077892091903269289e-01 1.000000000000000000e+00 5.975249999999999728e-01
-1.156516719309999957e+02 3.249459451120000608e+01 3.700000000000000000e+01 7.478225303708232463e-01 1.000000000000000000e+00 7.172000000000000597e-01
-1.156516719309999957e+02 3.251259451120000676e+01 3.800000000000000000e+01 6.774725354323247739e-01 1.000000000000000000e+00 7.955499999999999794e-01
-1.156516719309999957e+02 3.253059451120000745e+01 3.900000000000000000e+01 5.846528196700957469e-01 2.000000000000000000e+00 8.535500000000000309e-01
-1.156516719309999957e+02 3.254859451120000813e+01 4.000000000000000000e+01 4.540122106977121930e-01 2.000000000000000000e+00 9.525000000000001243e-01
-1.156516719309999957e+02 3.256659451120000881e+01 4.100000000000000000e+01 7.011132882955047885e-01 1.000000000000000000e+00 9.681499999999999551e-01
-1.156516719309999957e+02 3.258459451120000949e+01 4.200000000000000000e+01 7.285372899164901384e-01 1.000000000000000000e+00 8.765999999999999348e-01
-1.156336719309999950e+02 3.245859451120000472e+01 4.300000000000000000e+01 7.137857036100878627e-01 1.000000000000000000e+00 6.163444444444444725e-01
-1.156336719309999950e+02 3.247659451120000540e+01 4.400000000000000000e+01 5.739010102695921711e-01 2.000000000000000000e+00 7.327333333333333476e-01
-1.156336719309999950e+02 3.249459451120000608e+01 4.500000000000000000e+01 6.757603029935234096e-01 1.000000000000000000e+00 8.072166666666665824e-01
-1.156336719309999950e+02 3.251259451120000676e+01 4.600000000000000000e+01 5.867170196089340761e-01 0.000000000000000000e+00 8.604500000000000481e-01
-1.156336719309999950e+02 3.253059451120000745e+01 4.700000000000000000e+01 3.390399428724981679e-01 0.000000000000000000e+00 9.393833333333333480e-01
-1.156336719309999950e+02 3.254859451120000813e+01 4.800000000000000000e+01 4.922412929703591233e-01 2.000000000000000000e+00 9.805999999999999162e-01
-1.156336719309999950e+02 3.256659451120000881e+01 4.900000000000000000e+01 7.637515596940485096e-01 1.000000000000000000e+00 9.207555555555555493e-01
-1.156156719309999943e+02 3.244059451120000404e+01 5.000000000000000000e+01 7.025004602913209606e-01 1.000000000000000000e+00 6.169750000000000512e-01
-1.156156719309999943e+02 3.245859451120000472e+01 5.100000000000000000e+01 5.079389410418603257e-01 2.000000000000000000e+00 7.135333333333333528e-01
-1.156156719309999943e+02 3.247659451120000540e+01 5.200000000000000000e+01 5.324707920471172251e-01 0.000000000000000000e+00 7.975249999999999284e-01
-1.156156719309999943e+02 3.249459451120000608e+01 5.300000000000000000e+01 4.512392131293737063e-01 2.000000000000000000e+00 8.646749999999999714e-01
-1.156156719309999943e+02 3.251259451120000676e+01 5.400000000000000000e+01 4.147103852865839935e-01 2.000000000000000000e+00 9.334500000000000020e-01
-1.156156719309999943e+02 3.253059451120000745e+01 5.500000000000000000e+01 4.241730784120319453e-01 2.000000000000000000e+00 9.627750000000000474e-01
-1.156156719309999943e+02 3.254859451120000813e+01 5.600000000000000000e+01 7.221562136267677401e-01 1.000000000000000000e+00 9.605750000000000677e-01
-1.156156719309999943e+02 3.256659451120000881e+01 5.700000000000000000e+01 7.835575842684862069e-01 1.000000000000000000e+00 7.915666666666667517e-01
-1.155976719309999936e+02 3.242259451120000335e+01 5.800000000000000000e+01 7.160099027055731868e-01 1.000000000000000000e+00 6.061499999999999666e-01
-1.155976719309999936e+02 3.244059451120000404e+01 5.900000000000000000e+01 5.439589880009859657e-01 2.000000000000000000e+00 6.457999999999999297e-01
-1.155976719309999936e+02 3.245859451120000472e+01 6.000000000000000000e+01 4.060880443503857018e-01 0.000000000000000000e+00 7.198333333333333250e-01
-1.155976719309999936e+02 3.247659451120000540e+01 6.100000000000000000e+01 3.259771053401160912e-01 0.000000000000000000e+00 8.682250000000000245e-01
-1.155976719309999936e+02 3.249459451120000608e+01 6.200000000000000000e+01 3.978749533170110597e-01 2.000000000000000000e+00 9.571250000000000036e-01
-1.155976719309999936e+02 3.251259451120000676e+01 6.300000000000000000e+01 4.167925632026293625e-01 2.000000000000000000e+00 9.934500000000000552e-01
-1.155976719309999936e+02 3.253059451120000745e+01 6.400000000000000000e+01 6.567807678572331609e-01 1.000000000000000000e+00 9.782500000000000639e-01
-1.155976719309999936e+02 3.254859451120000813e+01 6.500000000000000000e+01 8.034249182812803758e-01 1.000000000000000000e+00 8.279499999999999638e-01
-1.155796719309999929e+02 3.240459451120000267e+01 6.600000000000000000e+01 7.609506358082835931e-01 1.000000000000000000e+00 6.136000000000000343e-01
-1.155796719309999929e+02 3.242259451120000335e+01 6.700000000000000000e+01 5.066831893031635836e-01 0.000000000000000000e+00 6.355750000000000011e-01
-1.155796719309999929e+02 3.244059451120000404e+01 6.800000000000000000e+01 3.130096874895921255e-01 0.000000000000000000e+00 6.954500000000001236e-01
-1.155796719309999929e+02 3.245859451120000472e+01 6.900000000000000000e+01 2.053714307734128275e-01 0.000000000000000000e+00 7.902499999999998970e-01
-1.155796719309999929e+02 3.247659451120000540e+01 7.000000000000000000e+01 3.264326054378829944e-01 0.000000000000000000e+00 9.451000000000000512e-01
-1.155796719309999929e+02 3.249459451120000608e+01 7.100000000000000000e+01 4.209552844664956606e-01 2.000000000000000000e+00 9.828499999999998904e-01
-1.155796719309999929e+02 3.251259451120000676e+01 7.200000000000000000e+01 6.529568868347291888e-01 1.000000000000000000e+00 9.927250000000000796e-01
-1.155616719309999922e+02 3.238659451120000199e+01 7.300000000000000000e+01 7.814897894103234322e-01 1.000000000000000000e+00 6.130250000000000421e-01
-1.155616719309999922e+02 3.240459451120000267e+01 7.400000000000000000e+01 4.920499142373263024e-01 0.000000000000000000e+00 6.200749999999999318e-01
-1.155616719309999922e+02 3.242259451120000335e+01 7.500000000000000000e+01 2.849624074121220874e-01 0.000000000000000000e+00 7.069750000000000201e-01
-1.155616719309999922e+02 3.244059451120000404e+01 7.600000000000000000e+01 2.313295265158211156e-01 0.000000000000000000e+00 7.184749999999999748e-01
-1.155616719309999922e+02 3.245859451120000472e+01 7.700000000000000000e+01 2.253305628513248282e-01 0.000000000000000000e+00 8.629833333333333245e-01
-1.155616719309999922e+02 3.247659451120000540e+01 7.800000000000000000e+01 3.527257491557901359e-01 0.000000000000000000e+00 9.637750000000000483e-01
-1.155616719309999922e+02 3.249459451120000608e+01 7.900000000000000000e+01 6.159290473333406402e-01 2.000000000000000000e+00 1.017850000000000144e+00
-1.155436719309999916e+02 3.235059451120000062e+01 8.000000000000000000e+01 7.223017102164247527e-01 1.000000000000000000e+00 5.362500000000000044e-01
-1.155436719309999916e+02 3.236859451120000131e+01 8.100000000000000000e+01 7.982441274924721997e-01 1.000000000000000000e+00 5.927499999999999991e-01
-1.155436719309999916e+02 3.238659451120000199e+01 8.200000000000000000e+01 5.556039380491388791e-01 2.000000000000000000e+00 6.542999999999999927e-01
-1.155436719309999916e+02 3.240459451120000267e+01 8.300000000000000000e+01 3.882486270926143179e-01 0.000000000000000000e+00 6.844500000000000028e-01
-1.155436719309999916e+02 3.242259451120000335e+01 8.400000000000000000e+01 2.348190243448467496e-01 0.000000000000000000e+00 7.295000000000000373e-01
-1.155436719309999916e+02 3.244059451120000404e+01 8.500000000000000000e+01 2.568323686789389382e-01 0.000000000000000000e+00 8.063750000000000639e-01
-1.155436719309999916e+02 3.245859451120000472e+01 8.600000000000000000e+01 3.333668821719945607e-01 0.000000000000000000e+00 9.554333333333332456e-01
-1.155436719309999916e+02 3.247659451120000540e+01 8.700000000000000000e+01 5.749853906360381517e-01 2.000000000000000000e+00 1.041250000000000009e+00
-1.155436719309999916e+02 3.249459451120000608e+01 8.800000000000000000e+01 6.431666650389418205e-01 1.000000000000000000e+00 1.020100000000000007e+00
-1.155256719309999909e+02 3.233259451119999994e+01 8.900000000000000000e+01 6.921389805579198917e-01 1.000000000000000000e+00 5.301666666666666750e-01
-1.155256719309999909e+02 3.235059451120000062e+01 9.000000000000000000e+01 6.669017610986511801e-01 1.000000000000000000e+00 5.949888888888887895e-01
-1.155256719309999909e+02 3.236859451120000131e+01 9.100000000000000000e+01 5.728156182595711687e-01 2.000000000000000000e+00 6.543499999999999872e-01
-1.155256719309999909e+02 3.238659451120000199e+01 9.200000000000000000e+01 3.400533834108143694e-01 0.000000000000000000e+00 6.685333333333330907e-01
-1.155256719309999909e+02 3.240459451120000267e+01 9.300000000000000000e+01 2.608688209744972619e-01 0.000000000000000000e+00 7.768166666666665998e-01
-1.155256719309999909e+02 3.242259451120000335e+01 9.400000000000000000e+01 2.819854956812014590e-01 0.000000000000000000e+00 8.818333333333332469e-01
-1.155256719309999909e+02 3.244059451120000404e+01 9.500000000000000000e+01 3.329284100518625222e-01 0.000000000000000000e+00 9.693333333333332691e-01
-1.155256719309999909e+02 3.245859451120000472e+01 9.600000000000000000e+01 3.585593531523063038e-01 2.000000000000000000e+00 1.048000000000000043e+00
-1.155256719309999909e+02 3.247659451120000540e+01 9.700000000000000000e+01 4.723796348238839538e-01 2.000000000000000000e+00 1.046333333333333337e+00
-1.155256719309999909e+02 3.249459451120000608e+01 9.800000000000000000e+01 6.529443283406065612e-01 1.000000000000000000e+00 9.650000000000001910e-01
-1.155076719309999902e+02 3.233259451119999994e+01 9.900000000000000000e+01 6.834479780493344370e-01 1.000000000000000000e+00 5.815000000000000169e-01
-1.155076719309999902e+02 3.235059451120000062e+01 1.000000000000000000e+02 6.325978389647454181e-01 2.000000000000000000e+00 6.488999999999999213e-01
-1.155076719309999902e+02 3.236859451120000131e+01 1.010000000000000000e+02 5.508997435971998424e-01 2.000000000000000000e+00 7.074000000000000288e-01
-1.155076719309999902e+02 3.238659451120000199e+01 1.020000000000000000e+02 2.296119409771762987e-01 0.000000000000000000e+00 7.544749999999998957e-01
-1.155076719309999902e+02 3.240459451120000267e+01 1.030000000000000000e+02 2.749787399663277676e-01 0.000000000000000000e+00 8.526749999999999607e-01
-1.155076719309999902e+02 3.242259451120000335e+01 1.040000000000000000e+02 2.495917888481877234e-01 0.000000000000000000e+00 9.595000000000000195e-01
-1.155076719309999902e+02 3.244059451120000404e+01 1.050000000000000000e+02 4.057362426674007705e-01 2.000000000000000000e+00 1.006424999999999903e+00
-1.155076719309999902e+02 3.245859451120000472e+01 1.060000000000000000e+02 5.678643195786932107e-01 2.000000000000000000e+00 1.084333333333333149e+00
-1.155076719309999902e+02 3.247659451120000540e+01 1.070000000000000000e+02 6.458565040965814630e-01 1.000000000000000000e+00 9.996500000000000385e-01
-1.155076719309999902e+02 3.249459451120000608e+01 1.080000000000000000e+02 7.783006715102287476e-01 1.000000000000000000e+00 8.973499999999999810e-01
-1.154896719309999895e+02 3.233259451119999994e+01 1.090000000000000000e+02 6.323327281681536682e-01 2.000000000000000000e+00 6.263250000000000206e-01
-1.154896719309999895e+02 3.235059451120000062e+01 1.100000000000000000e+02 5.009408298322108877e-01 2.000000000000000000e+00 6.943166666666665821e-01
-1.154896719309999895e+02 3.236859451120000131e+01 1.110000000000000000e+02 3.062628513156928078e-01 0.000000000000000000e+00 7.174000000000000377e-01
-1.154896719309999895e+02 3.238659451120000199e+01 1.120000000000000000e+02 2.422840801221864127e-01 0.000000000000000000e+00 8.726749999999998675e-01
-1.154896719309999895e+02 3.240459451120000267e+01 1.130000000000000000e+02 2.233042984259371311e-01 0.000000000000000000e+00 9.784999999999999254e-01
-1.154896719309999895e+02 3.242259451120000335e+01 1.140000000000000000e+02 3.168493885235540430e-01 0.000000000000000000e+00 9.946500000000000341e-01
-1.154896719309999895e+02 3.244059451120000404e+01 1.150000000000000000e+02 4.583974053580922581e-01 2.000000000000000000e+00 1.106499999999999817e+00
-1.154896719309999895e+02 3.245859451120000472e+01 1.160000000000000000e+02 5.999786187507014645e-01 0.000000000000000000e+00 1.067333333333333245e+00
-1.154896719309999895e+02 3.247659451120000540e+01 1.170000000000000000e+02 7.598588276875961611e-01 1.000000000000000000e+00 9.503499999999999170e-01
-1.154716719309999888e+02 3.231459451119999926e+01 1.180000000000000000e+02 7.687826167229179219e-01 1.000000000000000000e+00 6.179000000000001158e-01
-1.154716719309999888e+02 3.233259451119999994e+01 1.190000000000000000e+02 6.135401316902854285e-01 2.000000000000000000e+00 6.804749999999999410e-01
-1.154716719309999888e+02 3.235059451120000062e+01 1.200000000000000000e+02 3.918009459525390592e-01 0.000000000000000000e+00 6.953500000000000236e-01
-1.154716719309999888e+02 3.236859451120000131e+01 1.210000000000000000e+02 1.782447396799723971e-01 0.000000000000000000e+00 8.176249999999999352e-01
-1.154716719309999888e+02 3.238659451120000199e+01 1.220000000000000000e+02 2.714299380568190312e-01 0.000000000000000000e+00 9.431999999999999273e-01
-1.154716719309999888e+02 3.240459451120000267e+01 1.230000000000000000e+02 1.453801806993605672e-01 0.000000000000000000e+00 1.033500000000000085e+00
-1.154716719309999888e+02 3.242259451120000335e+01 1.240000000000000000e+02 5.445741784503916882e-01 2.000000000000000000e+00 1.096750000000000114e+00
-1.154716719309999888e+02 3.244059451120000404e+01 1.250000000000000000e+02 6.305571835899491662e-01 0.000000000000000000e+00 1.130000000000000115e+00
-1.154716719309999888e+02 3.245859451120000472e+01 1.260000000000000000e+02 7.577486580656088710e-01 1.000000000000000000e+00 1.024650000000000061e+00
-1.154536719309999881e+02 3.231459451119999926e+01 1.270000000000000000e+02 6.167673861163860405e-01 2.000000000000000000e+00 6.669000000000000483e-01
-1.154536719309999881e+02 3.233259451119999994e+01 1.280000000000000000e+02 5.453714993000023936e-01 0.000000000000000000e+00 6.944000000000000172e-01
-1.154536719309999881e+02 3.235059451120000062e+01 1.290000000000000000e+02 2.086981067206675755e-01 0.000000000000000000e+00 7.689166666666666927e-01
-1.154536719309999881e+02 3.236859451120000131e+01 1.300000000000000000e+02 2.410380693313405875e-01 0.000000000000000000e+00 8.901499999999999968e-01
-1.154536719309999881e+02 3.238659451120000199e+01 1.310000000000000000e+02 1.158477629035561396e-01 0.000000000000000000e+00 9.684749999999999748e-01
-1.154536719309999881e+02 3.240459451120000267e+01 1.320000000000000000e+02 3.661983049442547045e-01 2.000000000000000000e+00 1.045000000000000151e+00
-1.154536719309999881e+02 3.242259451120000335e+01 1.330000000000000000e+02 5.603727835508895971e-01 2.000000000000000000e+00 1.153250000000000108e+00
-1.154536719309999881e+02 3.244059451120000404e+01 1.340000000000000000e+02 7.336073450481930269e-01 1.000000000000000000e+00 1.100000000000000089e+00
-1.154356719309999875e+02 3.231459451119999926e+01 1.350000000000000000e+02 6.470972481066695758e-01 1.000000000000000000e+00 7.189499999999999780e-01
-1.154356719309999875e+02 3.233259451119999994e+01 1.360000000000000000e+02 3.191225744639996642e-01 0.000000000000000000e+00 7.048249999999999238e-01
-1.154356719309999875e+02 3.235059451120000062e+01 1.370000000000000000e+02 2.436720881769438574e-01 0.000000000000000000e+00 8.484666666666665913e-01
-1.154356719309999875e+02 3.236859451120000131e+01 1.380000000000000000e+02 1.249727749694716089e-01 0.000000000000000000e+00 9.629999999999999671e-01
-1.154356719309999875e+02 3.238659451120000199e+01 1.390000000000000000e+02 2.804442639521795844e-01 0.000000000000000000e+00 1.050749999999999851e+00
-1.154356719309999875e+02 3.240459451120000267e+01 1.400000000000000000e+02 5.735073734326434636e-01 2.000000000000000000e+00 1.171250000000000124e+00
-1.154356719309999875e+02 3.242259451120000335e+01 1.410000000000000000e+02 6.510618484179346854e-01 1.000000000000000000e+00 1.143750000000000044e+00
-1.154176719309999868e+02 3.231459451119999926e+01 1.420000000000000000e+02 nan nan 5.622485280035000033e-01
-1.154176719309999868e+02 3.233259451119999994e+01 1.430000000000000000e+02 2.772314446756148354e-01 0.000000000000000000e+00 8.107999999999999652e-01
-1.154176719309999868e+02 3.235059451120000062e+01 1.440000000000000000e+02 1.039245921023860958e-01 0.000000000000000000e+00 9.167000000000000703e-01
-1.154176719309999868e+02 3.236859451120000131e+01 1.450000000000000000e+02 1.544379416251548953e-01 0.000000000000000000e+00 1.071124999999999883e+00
-1.154176719309999868e+02 3.238659451120000199e+01 1.460000000000000000e+02 5.360504392400728957e-01 2.000000000000000000e+00 1.164250000000000007e+00
-1.154176719309999868e+02 3.240459451120000267e+01 1.470000000000000000e+02 6.902158099908110023e-01 1.000000000000000000e+00 1.167750000000000066e+00
-1.153996719309999861e+02 3.229659451119999858e+01 1.480000000000000000e+02 nan nan 5.632349699736666215e-01
-1.153996719309999861e+02 3.231459451119999926e+01 1.490000000000000000e+02 nan nan 6.153400937715000074e-01
-1.153996719309999861e+02 3.233259451119999994e+01 1.500000000000000000e+02 2.199442422547414899e-01 0.000000000000000000e+00 9.025833333333334041e-01
-1.153996719309999861e+02 3.235059451120000062e+01 1.510000000000000000e+02 2.868370903743227562e-01 0.000000000000000000e+00 1.040333333333333332e+00
-1.153996719309999861e+02 3.236859451120000131e+01 1.520000000000000000e+02 5.121893177865731728e-01 0.000000000000000000e+00 1.153666666666666840e+00
-1.153996719309999861e+02 3.238659451120000199e+01 1.530000000000000000e+02 5.618506527108335646e-01 2.000000000000000000e+00 1.174500000000000099e+00
-1.153816719309999854e+02 3.229659451119999858e+01 1.540000000000000000e+02 nan nan 5.994275361299999938e-01
-1.153816719309999854e+02 3.231459451119999926e+01 1.550000000000000000e+02 nan nan 6.501506567002499626e-01
-1.153816719309999854e+02 3.233259451119999994e+01 1.560000000000000000e+02 2.212236711617635576e-01 0.000000000000000000e+00 1.031000000000000139e+00
-1.153816719309999854e+02 3.235059451120000062e+01 1.570000000000000000e+02 3.621352281489297331e-01 0.000000000000000000e+00 1.075500000000000123e+00
-1.153816719309999854e+02 3.236859451120000131e+01 1.580000000000000000e+02 5.920777350462613775e-01 2.000000000000000000e+00 1.156250000000000000e+00
-1.153816719309999854e+02 3.238659451120000199e+01 1.590000000000000000e+02 6.471781959232708603e-01 2.000000000000000000e+00 1.108249999999999957e+00
-1.153636719309999847e+02 3.229659451119999858e+01 1.600000000000000000e+02 nan nan 6.410552263257500716e-01
-1.153636719309999847e+02 3.231459451119999926e+01 1.610000000000000000e+02 nan nan 6.823976337910000467e-01
-1.153636719309999847e+02 3.233259451119999994e+01 1.620000000000000000e+02 3.833684777090244356e-01 0.000000000000000000e+00 9.977750000000000785e-01
-1.153636719309999847e+02 3.235059451120000062e+01 1.630000000000000000e+02 3.736797839428152024e-01 0.000000000000000000e+00 1.131166666666666654e+00
-1.153636719309999847e+02 3.236859451120000131e+01 1.640000000000000000e+02 5.993469572785988797e-01 2.000000000000000000e+00 1.120749999999999913e+00
-1.153456719309999841e+02 3.229659451119999858e+01 1.650000000000000000e+02 nan nan 7.080170214175000032e-01
-1.153456719309999841e+02 3.231459451119999926e+01 1.660000000000000000e+02 nan nan 7.241332381962499731e-01
-1.153456719309999841e+02 3.233259451119999994e+01 1.670000000000000000e+02 5.326376330393455261e-01 2.000000000000000000e+00 1.056324999999999958e+00
-1.153456719309999841e+02 3.235059451120000062e+01 1.680000000000000000e+02 5.920187946982037319e-01 2.000000000000000000e+00 1.104833333333333334e+00
-1.153456719309999841e+02 3.236859451120000131e+01 1.690000000000000000e+02 5.818322080439515265e-01 2.000000000000000000e+00 1.041975000000000096e+00
-1.153276719309999834e+02 3.229659451119999858e+01 1.700000000000000000e+02 nan nan 7.044582068922500273e-01
-1.153276719309999834e+02 3.231459451119999926e+01 1.710000000000000000e+02 nan nan 6.876591145992499987e-01
-1.153276719309999834e+02 3.233259451119999994e+01 1.720000000000000000e+02 7.865485812701755730e-01 1.000000000000000000e+00 9.886750000000000815e-01
-1.153276719309999834e+02 3.235059451120000062e+01 1.730000000000000000e+02 7.813666585824536881e-01 1.000000000000000000e+00 9.795666666666668077e-01
