-1.157776719310000004e+02 3.260259451120001017e+01 1.000000000000000000e+00 5.868186427375763348e-01 1.000000000000000000e+00 6.322499999999999787e-01
-1.157776719310000004e+02 3.262059451120001086e+01 2.000000000000000000e+00 nan nan 6.317019462585000689e-01
-1.157596719309999997e+02 3.258459451120000949e+01 3.000000000000000000e+00 7.286895582764151280e-01 1.000000000000000000e+00 6.679500000000000437e-01
-1.157596719309999997e+02 3.260259451120001017e+01 4.000000000000000000e+00 5.407061873996559243e-01 2.000000000000000000e+00 6.882000000000000339e-01
-1.157596719309999997e+02 3.262059451120001086e+01 5.000000000000000000e+00 nan nan 6.955500841142500112e-01
-1.157416719309999991e+02 3.258459451120000949e+01 6.000000000000000000e+00 6.835920498168590598e-01 1.000000000000000000e+00 7.541666666666667629e-01
-1.157416719309999991e+02 3.260259451120001017e+01 7.000000000000000000e+00 4.780868741602717353e-01 2.000000000000000000e+00 7.652166666666667671e-01
-1.157416719309999991e+02 3.262059451120001086e+01 8.000000000000000000e+00 nan nan 7.662881463767500234e-01
-1.157416719309999991e+02 3.263859451120001154e+01 9.000000000000000000e+00 nan nan 8.063829243182499829e-01
-1.157236719309999984e+02 3.254859451120000813e+01 1.000000000000000000e+01 8.116922474912595664e-01 1.000000000000000000e+00 5.819250000000000256e-01
-1.157236719309999984e+02 3.256659451120000881e+01 1.100000000000000000e+01 6.685105693550120742e-01 1.000000000000000000e+00 7.927333333333334009e-01
-1.157236719309999984e+02 3.258459451120000949e+01 1.200000000000000000e+01 5.863154481019775544e-01 0.000000000000000000e+00 8.245749999999999469e-01
-1.157236719309999984e+02 3.260259451120001017e+01 1.300000000000000000e+01 3.264488868791082798e-01 0.000000000000000000e+00 8.201249999999999929e-01
-1.157236719309999984e+02 3.262059451120001086e+01 1.400000000000000000e+01 nan nan 8.068200498820000677e-01
-1.157236719309999984e+02 3.263859451120001154e+01 1.500000000000000000e+01 nan nan 8.560642302037499984e-01
-1.157056719309999977e+02 3.254859451120000813e+01 1.600000000000000000e+01 6.649822894422661168e-01 1.000000000000000000e+00 7.502500000000000835e-01
-1.157056719309999977e+02 3.256659451120000881e+01 1.700000000000000000e+01 5.633412350398103730e-01 1.000000000000000000e+00 8.349500000000000810e-01
-1.157056719309999977e+02 3.258459451120000949e+01 1.800000000000000000e+01 7.058357978849819636e-01 1.000000000000000000e+00 9.193750000000000533e-01
-1.157056719309999977e+02 3.260259451120001017e+01 1.900000000000000000e+01 nan nan 8.107077628375000122e-01
-1.157056719309999977e+02 3.262059451120001086e+01 2.000000000000000000e+01 nan nan 8.064126521350000187e-01
-1.157056719309999977e+02 3.263859451120001154e+01 2.100000000000000000e+01 nan nan 8.546697795392500518e-01
-1.157056719309999977e+02 3.265659451120001222e+01 2.200000000000000000e+01 nan nan 8.817709088324999778e-01
-1.156876719309999970e+02 3.253059451120000745e+01 2.300000000000000000e+01 7.915260481002914794e-01 1.000000000000000000e+00 6.690500000000000336e-01
-1.156876719309999970e+02 3.254859451120000813e+01 2.400000000000000000e+01 7.170012646301846537e-01 1.000000000000000000e+00 8.079000000000000625e-01
-1.156876719309999970e+02 3.256659451120000881e+01 2.500000000000000000e+01 6.054438298189653844e-01 1.000000000000000000e+00 9.233333333333333393e-01
-1.156876719309999970e+02 3.258459451120000949e+01 2.600000000000000000e+01 5.874929362631561292e-01 2.000000000000000000e+00 9.636749999999999483e-01
-1.156876719309999970e+02 3.260259451120001017e+01 2.700000000000000000e+01 nan nan 8.583392947915000626e-01
-1.156876719309999970e+02 3.262059451120001086e+01 2.800000000000000000e+01 nan nan 8.420135080817500173e-01
-1.156876719309999970e+02 3.263859451120001154e+01 2.900000000000000000e+01 nan nan 8.571917265655000229e-01
-1.156876719309999970e+02 3.265659451120001222e+01 3.000000000000000000e+01 nan nan 8.285133689639999632e-01
-1.156696719309999963e+02 3.251259451120000676e+01 3.100000000000000000e+01 8.096463845056027786e-01 1.000000000000000000e+00 6.537250000000000005e-01
-1.156696719309999963e+02 3.253059451120000745e+01 3.200000000000000000e+01 7.200301405374760488e-01 1.000000000000000000e+00 7.935750000000000304e-01
-1.156696719309999963e+02 3.254859451120000813e+01 3.300000000000000000e+01 6.410762774518778961e-01 2.000000000000000000e+00 8.749249999999999527e-01
-1.156696719309999963e+02 3.256659451120000881e+01 3.400000000000000000e+01 6.843895266582256109e-01 1.000000000000000000e+00 9.465333333333333377e-01
-1.156696719309999963e+02 3.258459451120000949e+01 3.500000000000000000e+01 7.716510490898949026e-01 1.000000000000000000e+00 9.420500000000000540e-01
-1.156516719309999957e+02 3.247659451120000540e+01 3.600000000000000000e+01 8.147646726754075308e-01 1.000000000000000000e+00 5.975249999999999728e-01
-1.156516719309999957e+02 3.249459451120000608e+01 3.700000000000000000e+01 7.491784464052008152e-01 1.000000000000000000e+00 7.172000000000000597e-01
-1.156516719309999957e+02 3.251259451120000676e+01 3.800000000000000000e+01 6.703794341227599096e-01 1.000000000000000000e+00 7.955499999999999794e-01
-1.156516719309999957e+02 3.253059451120000745e+01 3.900000000000000000e+01 5.848548366309610502e-01 2.000000000000000000e+00 8.535500000000000309e-01
-1.156516719309999957e+02 3.254859451120000813e+01 4.000000000000000000e+01 4.389391205132559537e-01 0.000000000000000000e+00 9.525000000000001243e-01
-1.156516719309999957e+02 3.256659451120000881e+01 4.100000000000000000e+01 6.991639339868265246e-01 1.000000000000000000e+00 9.681499999999999551e-01
-1.156516719309999957e+02 3.258459451120000949e+01 4.200000000000000000e+01 7.200102378260614389e-01 1.000000000000000000e+00 8.765999999999999348e-01
-1.156336719309999950e+02 3.245859451120000472e+01 4.300000000000000000e+01 7.058675766288431408e-01 1.000000000000000000e+00 6.163444444444444725e-01
-1.156336719309999950e+02 3.247659451120000540e+01 4.400000000000000000e+01 5.714792485470241434e-01 2.000000000000000000e+00 7.327333333333333476e-01
-1.156336719309999950e+02 3.249459451120000608e+01 4.500000000000000000e+01 6.734398208398361119e-01 1.000000000000000000e+00 8.072166666666665824e-01
-1.156336719309999950e+02 3.251259451120000676e+01 4.600000000000000000e+01 5.870218501552212365e-01 0.000000000000000000e+00 8.604500000000000481e-01
-1.156336719309999950e+02 3.253059451120000745e+01 4.700000000000000000e+01 3.403683018496858059e-01 0.000000000000000000e+00 9.393833333333333480e-01
-1.156336719309999950e+02 3.254859451120000813e+01 4.800000000000000000e+01 5.377702586021168019e-01 2.000000000000000000e+00 9.805999999999999162e-01
-1.156336719309999950e+02 3.256659451120000881e+01 4.900000000000000000e+01 7.614544354180309282e-01 1.000000000000000000e+00 9.207555555555555493e-01
-1.156156719309999943e+02 3.244059451120000404e+01 5.000000000000000000e+01 6.896382908232155939e-01 1.000000000000000000e+00 6.169750000000000512e-01
-1.156156719309999943e+02 3.245859451120000472e+01 5.100000000000000000e+01 5.054936524076957260e-01 2.000000000000000000e+00 7.135333333333333528e-01
-1.156156719309999943e+02 3.247659451120000540e+01 5.200000000000000000e+01 5.372294676602378249e-01 2.000000000000000000e+00 7.975249999999999284e-01
-1.156156719309999943e+02 3.249459451120000608e+01 5.300000000000000000e+01 4.490525909509103797e-01 2.000000000000000000e+00 8.646749999999999714e-01
-1.156156719309999943e+02 3.251259451120000676e+01 5.400000000000000000e+01 4.059097212687017286e-01 2.000000000000000000e+00 9.334500000000000020e-01
-1.156156719309999943e+02 3.253059451120000745e+01 5.500000000000000000e+01 4.292500557131308514e-01 2.000000000000000000e+00 9.627750000000000474e-01
-1.156156719309999943e+02 3.254859451120000813e+01 5.600000000000000000e+01 7.242712916611090401e-01 1.000000000000000000e+00 9.605750000000000677e-01
-1.156156719309999943e+02 3.256659451120000881e+01 5.700000000000000000e+01 7.886746128619402940e-01 1.000000000000000000e+00 7.915666666666667517e-01
-1.155976719309999936e+02 3.242259451120000335e+01 5.800000000000000000e+01 2.764224327281820104e-01 1.000000000000000000e+00 6.061499999999999666e-01
-1.155976719309999936e+02 3.244059451120000404e+01 5.900000000000000000e+01 4.698600913551620462e-01 2.000000000000000000e+00 6.457999999999999297e-01
-1.155976719309999936e+02 3.245859451120000472e+01 6.000000000000000000e+01 4.054031905338491559e-01 0.000000000000000000e+00 7.198333333333333250e-01
-1.155976719309999936e+02 3.247659451120000540e+01 6.100000000000000000e+01 3.198308262945881442e-01 0.000000000000000000e+00 8.682250000000000245e-01
-1.155976719309999936e+02 3.249459451120000608e+01 6.200000000000000000e+01 3.982171707136215044e-01 2.000000000000000000e+00 9.571250000000000036e-01
-1.155976719309999936e+02 3.251259451120000676e+01 6.300000000000000000e+01 3.923202742840641855e-01 0.000000000000000000e+00 9.934500000000000552e-01
-1.155976719309999936e+02 3.253059451120000745e+01 6.400000000000000000e+01 6.604880431295871990e-01 1.000000000000000000e+00 9.782500000000000639e-01
-1.155976719309999936e+02 3.254859451120000813e+01 6.500000000000000000e+01 8.121493712934881870e-01 1.000000000000000000e+00 8.279499999999999638e-01
-1.155796719309999929e+02 3.240459451120000267e+01 6.600000000000000000e+01 7.644538803419121953e-01 1.000000000000000000e+00 6.136000000000000343e-01
-1.155796719309999929e+02 3.242259451120000335e+01 6.700000000000000000e+01 5.046010409620024229e-01 2.000000000000000000e+00 6.355750000000000011e-01
-1.155796719309999929e+02 3.244059451120000404e+01 6.800000000000000000e+01 3.140907720123577995e-01 0.000000000000000000e+00 6.954500000000001236e-01
-1.155796719309999929e+02 3.245859451120000472e+01 6.900000000000000000e+01 2.024795589070123858e-01 0.000000000000000000e+00 7.902499999999998970e-01
-1.155796719309999929e+02 3.247659451120000540e+01 7.000000000000000000e+01 3.167901561919261311e-01 0.000000000000000000e+00 9.451000000000000512e-01
-1.155796719309999929e+02 3.249459451120000608e+01 7.100000000000000000e+01 4.250397342784197896e-01 2.000000000000000000e+00 9.828499999999998904e-01
-1.155796719309999929e+02 3.251259451120000676e+01 7.200000000000000000e+01 6.735467766210441187e-01 1.000000000000000000e+00 9.927250000000000796e-01
-1.155616719309999922e+02 3.238659451120000199e+01 7.300000000000000000e+01 5.871303973127343090e-01 1.000000000000000000e+00 6.130250000000000421e-01
-1.155616719309999922e+02 3.240459451120000267e+01 7.400000000000000000e+01 4.442578680136337055e-01 2.000000000000000000e+00 6.200749999999999318e-01
-1.155616719309999922e+02 3.242259451120000335e+01 7.500000000000000000e+01 2.831599806229191385e-01 0.000000000000000000e+00 7.069750000000000201e-01
-1.155616719309999922e+02 3.244059451120000404e+01 7.600000000000000000e+01 2.349498106416246790e-01 0.000000000000000000e+00 7.184749999999999748e-01
-1.155616719309999922e+02 3.245859451120000472e+01 7.700000000000000000e+01 2.759771208259258479e-01 0.000000000000000000e+00 8.629833333333333245e-01
-1.155616719309999922e+02 3.247659451120000540e+01 7.800000000000000000e+01 3.434034081325850751e-01 0.000000000000000000e+00 9.637750000000000483e-01
-1.155616719309999922e+02 3.249459451120000608e+01 7.900000000000000000e+01 6.222462099409149516e-01 2.000000000000000000e+00 1.017850000000000144e+00
-1.155436719309999916e+02 3.235059451120000062e+01 8.000000000000000000e+01 7.224958534937233612e-01 1.000000000000000000e+00 5.362500000000000044e-01
-1.155436719309999916e+02 3.236859451120000131e+01 8.100000000000000000e+01 7.987335109925957077e-01 1.000000000000000000e+00 5.927499999999999991e-01
-1.155436719309999916e+02 3.238659451120000199e+01 8.200000000000000000e+01 5.564592526669459582e-01 2.000000000000000000e+00 6.542999999999999927e-01
-1.155436719309999916e+02 3.240459451120000267e+01 8.300000000000000000e+01 3.834249906645532113e-01 2.000000000000000000e+00 6.844500000000000028e-01
-1.155436719309999916e+02 3.242259451120000335e+01 8.400000000000000000e+01 2.413520542803661850e-01 0.000000000000000000e+00 7.295000000000000373e-01
-1.155436719309999916e+02 3.244059451120000404e+01 8.500000000000000000e+01 2.738683735708324352e-01 0.000000000000000000e+00 8.063750000000000639e-01
-1.155436719309999916e+02 3.245859451120000472e+01 8.600000000000000000e+01 3.326380190936132353e-01 0.000000000000000000e+00 9.554333333333332456e-01
-1.155436719309999916e+02 3.247659451120000540e+01 8.700000000000000000e+01 4.556659542493740611e-01 2.000000000000000000e+00 1.041250000000000009e+00
-1.155436719309999916e+02 3.249459451120000608e+01 8.800000000000000000e+01 6.495354993527573395e-01 1.000000000000000000e+00 1.020100000000000007e+00
-1.155256719309999909e+02 3.233259451119999994e+01 8.900000000000000000e+01 6.969725993472289938e-01 1.000000000000000000e+00 5.301666666666666750e-01
-1.155256719309999909e+02 3.235059451120000062e+01 9.000000000000000000e+01 6.749422668870044273e-01 1.000000000000000000e+00 5.949888888888887895e-01
-1.155256719309999909e+02 3.236859451120000131e+01 9.100000000000000000e+01 5.815688717105219618e-01 2.000000000000000000e+00 6.543499999999999872e-01
-1.155256719309999909e+02 3.238659451120000199e+01 9.200000000000000000e+01 3.273662005473323977e-01 2.000000000000000000e+00 6.685333333333330907e-01
-1.155256719309999909e+02 3.240459451120000267e+01 9.300000000000000000e+01 2.635742215826361035e-01 0.000000000000000000e+00 7.768166666666665998e-01
-1.155256719309999909e+02 3.242259451120000335e+01 9.400000000000000000e+01 2.859024593251947577e-01 0.000000000000000000e+00 8.818333333333332469e-01
-1.155256719309999909e+02 3.244059451120000404e+01 9.500000000000000000e+01 3.297452386004472435e-01 0.000000000000000000e+00 9.693333333333332691e-01
-1.155256719309999909e+02 3.245859451120000472e+01 9.600000000000000000e+01 3.621882599106985845e-01 2.000000000000000000e+00 1.048000000000000043e+00
-1.155256719309999909e+02 3.247659451120000540e+01 9.700000000000000000e+01 4.369513051140033744e-01 0.000000000000000000e+00 1.046333333333333337e+00
-1.155256719309999909e+02 3.249459451120000608e+01 9.800000000000000000e+01 6.584029808947449158e-01 1.000000000000000000e+00 9.650000000000001910e-01
-1.155076719309999902e+02 3.233259451119999994e+01 9.900000000000000000e+01 6.908866928514176831e-01 1.000000000000000000e+00 5.815000000000000169e-01
-1.155076719309999902e+02 3.235059451120000062e+01 1.000000000000000000e+02 5.624152845618127783e-01 1.000000000000000000e+00 6.488999999999999213e-01
-1.155076719309999902e+02 3.236859451120000131e+01 1.010000000000000000e+02 5.500897026405207058e-01 2.000000000000000000e+00 7.074000000000000288e-01
-1.155076719309999902e+02 3.238659451120000199e+01 1.020000000000000000e+02 2.273978158299364283e-01 0.000000000000000000e+00 7.544749999999998957e-01
-1.155076719309999902e+02 3.240459451120000267e+01 1.030000000000000000e+02 2.790392065556757117e-01 0.000000000000000000e+00 8.526749999999999607e-01
-1.155076719309999902e+02 3.242259451120000335e+01 1.040000000000000000e+02 2.554191130606914828e-01 0.000000000000000000e+00 9.595000000000000195e-01
-1.155076719309999902e+02 3.244059451120000404e+01 1.050000000000000000e+02 4.055507658102108226e-01 2.000000000000000000e+00 1.006424999999999903e+00
-1.155076719309999902e+02 3.245859451120000472e+01 1.060000000000000000e+02 5.733699661621921573e-01 2.000000000000000000e+00 1.084333333333333149e+00
-1.155076719309999902e+02 3.247659451120000540e+01 1.070000000000000000e+02 6.510006651926368848e-01 1.000000000000000000e+00 9.996500000000000385e-01
-1.155076719309999902e+02 3.249459451120000608e+01 1.080000000000000000e+02 7.882194235758773759e-01 1.000000000000000000e+00 8.973499999999999810e-01
-1.154896719309999895e+02 3.233259451119999994e+01 1.090000000000000000e+02 6.481703401607856740e-01 1.000000000000000000e+00 6.263250000000000206e-01
-1.154896719309999895e+02 3.235059451120000062e+01 1.100000000000000000e+02 5.634643558411817077e-01 2.000000000000000000e+00 6.943166666666665821e-01
-1.154896719309999895e+02 3.236859451120000131e+01 1.110000000000000000e+02 2.598824875677793189e-01 0.000000000000000000e+00 7.174000000000000377e-01
-1.154896719309999895e+02 3.238659451120000199e+01 1.120000000000000000e+02 2.263053629782285359e-01 0.000000000000000000e+00 8.726749999999998675e-01
-1.154896719309999895e+02 3.240459451120000267e+01 1.130000000000000000e+02 2.394258187096589274e-01 0.000000000000000000e+00 9.784999999999999254e-01
-1.154896719309999895e+02 3.242259451120000335e+01 1.140000000000000000e+02 3.185442263989507472e-01 0.000000000000000000e+00 9.946500000000000341e-01
-1.154896719309999895e+02 3.244059451120000404e+01 1.150000000000000000e+02 4.153242517889730312e-01 2.000000000000000000e+00 1.106499999999999817e+00
-1.154896719309999895e+02 3.245859451120000472e+01 1.160000000000000000e+02 6.030017628734650748e-01 2.000000000000000000e+00 1.067333333333333245e+00
-1.154896719309999895e+02 3.247659451120000540e+01 1.170000000000000000e+02 7.660186668936169729e-01 1.000000000000000000e+00 9.503499999999999170e-01
-1.154716719309999888e+02 3.231459451119999926e+01 1.180000000000000000e+02 7.108854425480691797e-01 1.000000000000000000e+00 6.179000000000001158e-01
-1.154716719309999888e+02 3.233259451119999994e+01 1.190000000000000000e+02 6.142591746732742886e-01 2.000000000000000000e+00 6.804749999999999410e-01
-1.154716719309999888e+02 3.235059451120000062e+01 1.200000000000000000e+02 3.642533248937351864e-01 2.000000000000000000e+00 6.953500000000000236e-01
-1.154716719309999888e+02 3.236859451120000131e+01 1.210000000000000000e+02 1.133121194978623514e-01 0.000000000000000000e+00 8.176249999999999352e-01
-1.154716719309999888e+02 3.238659451120000199e+01 1.220000000000000000e+02 2.449675370106601524e-01 0.000000000000000000e+00 9.431999999999999273e-01
-1.154716719309999888e+02 3.240459451120000267e+01 1.230000000000000000e+02 1.424529351243289665e-01 0.000000000000000000e+00 1.033500000000000085e+00
-1.154716719309999888e+02 3.242259451120000335e+01 1.240000000000000000e+02 5.507274207786210241e-01 2.000000000000000000e+00 1.096750000000000114e+00
-1.154716719309999888e+02 3.244059451120000404e+01 1.250000000000000000e+02 6.208847344944310453e-01 2.000000000000000000e+00 1.130000000000000115e+00
-1.154716719309999888e+02 3.245859451120000472e+01 1.260000000000000000e+02 7.611421086542161651e-01 1.000000000000000000e+00 1.024650000000000061e+00
-1.154536719309999881e+02 3.231459451119999926e+01 1.270000000000000000e+02 6.762173464088255814e-01 1.000000000000000000e+00 6.669000000000000483e-01
-1.154536719309999881e+02 3.233259451119999994e+01 1.280000000000000000e+02 4.222215833812623664e-01 2.000000000000000000e+00 6.944000000000000172e-01
-1.154536719309999881e+02 3.235059451120000062e+01 1.290000000000000000e+02 2.171166077312364218e-01 0.000000000000000000e+00 7.689166666666666927e-01
-1.154536719309999881e+02 3.236859451120000131e+01 1.300000000000000000e+02 2.347365946789921609e-01 0.000000000000000000e+00 8.901499999999999968e-01
-1.154536719309999881e+02 3.238659451120000199e+01 1.310000000000000000e+02 2.025761563564235646e-01 0.000000000000000000e+00 9.684749999999999748e-01
-1.154536719309999881e+02 3.240459451120000267e+01 1.320000000000000000e+02 3.756403635789091200e-01 2.000000000000000000e+00 1.045000000000000151e+00
-1.154536719309999881e+02 3.242259451120000335e+01 1.330000000000000000e+02 5.609317453892035399e-01 2.000000000000000000e+00 1.153250000000000108e+00
-1.154536719309999881e+02 3.244059451120000404e+01 1.340000000000000000e+02 7.502686707797914245e-01 1.000000000000000000e+00 1.100000000000000089e+00
-1.154356719309999875e+02 3.231459451119999926e+01 1.350000000000000000e+02 6.302503919730372273e-01 2.000000000000000000e+00 7.189499999999999780e-01
-1.154356719309999875e+02 3.233259451119999994e+01 1.360000000000000000e+02 3.265676038459807695e-01 2.000000000000000000e+00 7.048249999999999238e-01
-1.154356719309999875e+02 3.235059451120000062e+01 1.370000000000000000e+02 2.482242014721201540e-01 0.000000000000000000e+00 8.484666666666665913e-01
-1.154356719309999875e+02 3.236859451120000131e+01 1.380000000000000000e+02 1.270235153665103256e-01 0.000000000000000000e+00 9.629999999999999671e-01
-1.154356719309999875e+02 3.238659451120000199e+01 1.390000000000000000e+02 3.200271396249437794e-01 2.000000000000000000e+00 1.050749999999999851e+00
-1.154356719309999875e+02 3.240459451120000267e+01 1.400000000000000000e+02 5.744774570121288226e-01 2.000000000000000000e+00 1.171250000000000124e+00
-1.154356719309999875e+02 3.242259451120000335e+01 1.410000000000000000e+02 6.514770397824476422e-01 1.000000000000000000e+00 1.143750000000000044e+00
-1.154176719309999868e+02 3.231459451119999926e+01 1.420000000000000000e+02 4.264890248333657596e-01 2.000000000000000000e+00 7.885499999999999732e-01
-1.154176719309999868e+02 3.233259451119999994e+01 1.430000000000000000e+02 2.602701977061036009e-01 0.000000000000000000e+00 8.107999999999999652e-01
-1.154176719309999868e+02 3.235059451120000062e+01 1.440000000000000000e+02 1.027189986622073087e-01 0.000000000000000000e+00 9.167000000000000703e-01
-1.154176719309999868e+02 3.236859451120000131e+01 1.450000000000000000e+02 1.549797099593025751e-01 0.000000000000000000e+00 1.071124999999999883e+00
-1.154176719309999868e+02 3.238659451120000199e+01 1.460000000000000000e+02 5.363460687539830518e-01 2.000000000000000000e+00 1.164250000000000007e+00
-1.154176719309999868e+02 3.240459451120000267e+01 1.470000000000000000e+02 7.085837083830621719e-01 1.000000000000000000e+00 1.167750000000000066e+00
-1.153996719309999861e+02 3.229659451119999858e+01 1.480000000000000000e+02 3.579862713355637660e-01 0.000000000000000000e+00 7.732166666666665522e-01
-1.153996719309999861e+02 3.231459451119999926e+01 1.490000000000000000e+02 4.130514105261849922e-01 2.000000000000000000e+00 8.609166666666667744e-01
-1.153996719309999861e+02 3.233259451119999994e+01 1.500000000000000000e+02 2.171944723230831431e-01 0.000000000000000000e+00 9.025833333333334041e-01
-1.153996719309999861e+02 3.235059451120000062e+01 1.510000000000000000e+02 2.890662350155541183e-01 0.000000000000000000e+00 1.040333333333333332e+00
-1.153996719309999861e+02 3.236859451120000131e+01 1.520000000000000000e+02 5.186661472856550770e-01 2.000000000000000000e+00 1.153666666666666840e+00
-1.153996719309999861e+02 3.238659451120000199e+01 1.530000000000000000e+02 5.647441663191179462e-01 2.000000000000000000e+00 1.174500000000000099e+00
-1.153816719309999854e+02 3.229659451119999858e+01 1.540000000000000000e+02 3.571755530999665140e-01 2.000000000000000000e+00 8.127750000000000252e-01
-1.153816719309999854e+02 3.231459451119999926e+01 1.550000000000000000e+02 2.661227560333220277e-01 0.000000000000000000e+00 8.866500000000000492e-01
-1.153816719309999854e+02 3.233259451119999994e+01 1.560000000000000000e+02 2.531673757245599399e-01 0.000000000000000000e+00 1.031000000000000139e+00
-1.153816719309999854e+02 3.235059451120000062e+01 1.570000000000000000e+02 3.725171013762655914e-01 2.000000000000000000e+00 1.075500000000000123e+00
-1.153816719309999854e+02 3.236859451120000131e+01 1.580000000000000000e+02 5.940743679633355701e-01 2.000000000000000000e+00 1.156250000000000000e+00
-1.153816719309999854e+02 3.238659451120000199e+01 1.590000000000000000e+02 6.429205122658900873e-01 2.000000000000000000e+00 1.108249999999999957e+00
-1.153636719309999847e+02 3.229659451119999858e+01 1.600000000000000000e+02 3.767593070351840656e-01 2.000000000000000000e+00 8.747750000000000803e-01
-1.153636719309999847e+02 3.231459451119999926e+01 1.610000000000000000e+02 2.674014117630764131e-01 0.000000000000000000e+00 9.622249999999998860e-01
-1.153636719309999847e+02 3.233259451119999994e+01 1.620000000000000000e+02 2.662172529811329680e-01 0.000000000000000000e+00 9.977750000000000785e-01
-1.153636719309999847e+02 3.235059451120000062e+01 1.630000000000000000e+02 3.821378542712469684e-01 2.000000000000000000e+00 1.131166666666666654e+00
-1.153636719309999847e+02 3.236859451120000131e+01 1.640000000000000000e+02 6.008552327666514259e-01 2.000000000000000000e+00 1.120749999999999913e+00
-1.153456719309999841e+02 3.229659451119999858e+01 1.650000000000000000e+02 4.516494081085475898e-01 0.000000000000000000e+00 9.418250000000000233e-01
-1.153456719309999841e+02 3.231459451119999926e+01 1.660000000000000000e+02 5.079447815019129120e-01 2.000000000000000000e+00 9.848250000000000615e-01
-1.153456719309999841e+02 3.233259451119999994e+01 1.670000000000000000e+02 5.287914624785582385e-01 2.000000000000000000e+00 1.056324999999999958e+00
-1.153456719309999841e+02 3.235059451120000062e+01 1.680000000000000000e+02 5.968679415848984204e-01 2.000000000000000000e+00 1.104833333333333334e+00
-1.153456719309999841e+02 3.236859451120000131e+01 1.690000000000000000e+02 6.049143330845843103e-01 2.000000000000000000e+00 1.041975000000000096e+00
-1.153276719309999834e+02 3.229659451119999858e+01 1.700000000000000000e+02 5.827085083590137771e-01 2.000000000000000000e+00 1.015099999999999891e+00
-1.153276719309999834e+02 3.231459451119999926e+01 1.710000000000000000e+02 6.791929276729949949e-01 1.000000000000000000e+00 1.044249999999999901e+00
-1.153276719309999834e+02 3.233259451119999994e+01 1.720000000000000000e+02 7.937223073466359580e-01 1.000000000000000000e+00 9.886750000000000815e-01
-1.153276719309999834e+02 3.235059451120000062e+01 1.730000000000000000e+02 7.626684820457793057e-01 1.000000000000000000e+00 9.795666666666668077e-01
