-1.157686719310000001e+02 3.259359451120000983e+01 1.000000000000000000e+00 6.881977352220027822e-01 1.000000000000000000e+00 6.462562499999999766e-01
-1.157686719310000001e+02 3.262959451120001120e+01 2.000000000000000000e+00 7.572224445515870483e-01 1.000000000000000000e+00 7.070000000000000728e-01
-1.157326719309999987e+02 3.255759451120000847e+01 3.000000000000000000e+00 7.027691309967373234e-01 1.000000000000000000e+00 6.531279999999999308e-01
-1.157326719309999987e+02 3.259359451120000983e+01 4.000000000000000000e+00 5.941751440015186070e-01 2.000000000000000000e+00 7.847549999999999804e-01
-1.157326719309999987e+02 3.262959451120001120e+01 5.000000000000000000e+00 6.093793211982432290e-01 2.000000000000000000e+00 8.703100000000001391e-01
-1.156966719309999974e+02 3.252159451120000710e+01 6.000000000000000000e+00 8.033616599296518057e-01 1.000000000000000000e+00 5.701062500000000366e-01
-1.156966719309999974e+02 3.255759451120000847e+01 7.000000000000000000e+00 6.641466156538673449e-01 1.000000000000000000e+00 8.391149999999999443e-01
-1.156966719309999974e+02 3.259359451120000983e+01 8.000000000000000000e+00 6.560055297169622435e-01 1.000000000000000000e+00 9.397062499999999652e-01
-1.156966719309999974e+02 3.262959451120001120e+01 9.000000000000000000e+00 5.200571017872477331e-01 2.000000000000000000e+00 9.344562499999999883e-01
-1.156966719309999974e+02 3.266559451120001256e+01 1.000000000000000000e+01 7.537533386773839217e-01 1.000000000000000000e+00 8.849449999999998706e-01
-1.156606719309999960e+02 3.248559451120000574e+01 1.100000000000000000e+01 7.831214577969713986e-01 1.000000000000000000e+00 5.881000000000000671e-01
-1.156606719309999960e+02 3.252159451120000710e+01 1.200000000000000000e+01 6.493732155728282329e-01 2.000000000000000000e+00 7.741000000000000103e-01
-1.156606719309999960e+02 3.255759451120000847e+01 1.300000000000000000e+01 6.490398724620456417e-01 1.000000000000000000e+00 9.398900000000001143e-01
-1.156606719309999960e+02 3.259359451120000983e+01 1.400000000000000000e+01 7.569619352467903406e-01 1.000000000000000000e+00 8.713187499999999197e-01
-1.156246719309999946e+02 3.244959451120000438e+01 1.500000000000000000e+01 5.881673547836490101e-01 0.000000000000000000e+00 6.097759999999999847e-01
-1.156246719309999946e+02 3.248559451120000574e+01 1.600000000000000000e+01 5.957067409515074408e-01 2.000000000000000000e+00 7.944249999999999368e-01
-1.156246719309999946e+02 3.252159451120000710e+01 1.700000000000000000e+01 4.170451702005359418e-01 2.000000000000000000e+00 9.191949999999999843e-01
-1.156246719309999946e+02 3.255759451120000847e+01 1.800000000000000000e+01 6.685182145630450545e-01 1.000000000000000000e+00 9.104839999999998490e-01
-1.155886719309999933e+02 3.241359451120000301e+01 1.900000000000000000e+01 6.054624447024047340e-01 2.000000000000000000e+00 5.901250000000000107e-01
-1.155886719309999933e+02 3.244959451120000438e+01 2.000000000000000000e+01 3.888557953128419231e-01 0.000000000000000000e+00 7.212749999999998884e-01
-1.155886719309999933e+02 3.248559451120000574e+01 2.100000000000000000e+01 3.583172343159475859e-01 2.000000000000000000e+00 9.383250000000000757e-01
-1.155886719309999933e+02 3.252159451120000710e+01 2.200000000000000000e+01 6.260573975118202128e-01 2.000000000000000000e+00 9.500187499999999119e-01
-1.155886719309999933e+02 3.255759451120000847e+01 2.300000000000000000e+01 8.099351788556083953e-01 1.000000000000000000e+00 6.694349999999998913e-01
-1.155526719309999919e+02 3.234159451120000028e+01 2.400000000000000000e+01 7.294315836871824166e-01 1.000000000000000000e+00 4.772599999999999620e-01
-1.155526719309999919e+02 3.237759451120000165e+01 2.500000000000000000e+01 6.110299146820927785e-01 2.000000000000000000e+00 5.903812500000000796e-01
-1.155526719309999919e+02 3.241359451120000301e+01 2.600000000000000000e+01 3.813022194393477227e-01 0.000000000000000000e+00 6.852499999999999147e-01
-1.155526719309999919e+02 3.244959451120000438e+01 2.700000000000000000e+01 2.738710351741003302e-01 0.000000000000000000e+00 8.504949999999998900e-01
-1.155526719309999919e+02 3.248559451120000574e+01 2.800000000000000000e+01 5.922336857363842411e-01 2.000000000000000000e+00 1.010743750000000052e+00
-1.155166719309999905e+02 3.234159451120000028e+01 2.900000000000000000e+01 6.657189624451442800e-01 1.000000000000000000e+00 5.902119999999999589e-01
-1.155166719309999905e+02 3.237759451120000165e+01 3.000000000000000000e+01 3.909885406839706534e-01 2.000000000000000000e+00 6.892399999999999638e-01
-1.155166719309999905e+02 3.241359451120000301e+01 3.100000000000000000e+01 2.665090655491603733e-01 0.000000000000000000e+00 8.600299999999998501e-01
-1.155166719309999905e+02 3.244959451120000438e+01 3.200000000000000000e+01 4.015315427088486100e-01 2.000000000000000000e+00 1.031187999999999994e+00
-1.155166719309999905e+02 3.248559451120000574e+01 3.300000000000000000e+01 6.327850799911077795e-01 2.000000000000000000e+00 9.827999999999998959e-01
-1.154806719309999892e+02 3.230559451119999892e+01 3.400000000000000000e+01 6.341052918024886464e-01 2.000000000000000000e+00 5.618499999999999606e-01
-1.154806719309999892e+02 3.234159451120000028e+01 3.500000000000000000e+01 5.684007167906008906e-01 2.000000000000000000e+00 6.782600000000000851e-01
-1.154806719309999892e+02 3.237759451120000165e+01 3.600000000000000000e+01 2.486105408798583993e-01 0.000000000000000000e+00 8.377250000000000529e-01
-1.154806719309999892e+02 3.241359451120000301e+01 3.700000000000000000e+01 3.388833683459826496e-01 0.000000000000000000e+00 1.025850000000000151e+00
-1.154806719309999892e+02 3.244959451120000438e+01 3.800000000000000000e+01 6.169170896830484807e-01 2.000000000000000000e+00 1.074895000000000156e+00
-1.154806719309999892e+02 3.248559451120000574e+01 3.900000000000000000e+01 7.754953791156091736e-01 1.000000000000000000e+00 8.791187499999999488e-01
-1.154446719309999878e+02 3.230559451119999892e+01 4.000000000000000000e+01 6.162943895294589192e-01 2.000000000000000000e+00 6.585187500000000416e-01
-1.154446719309999878e+02 3.234159451120000028e+01 4.100000000000000000e+01 3.304839640575215065e-01 0.000000000000000000e+00 7.650600000000000733e-01
-1.154446719309999878e+02 3.237759451120000165e+01 4.200000000000000000e+01 2.175742395805583818e-01 0.000000000000000000e+00 9.680937499999999751e-01
-1.154446719309999878e+02 3.241359451120000301e+01 4.300000000000000000e+01 5.697465596726167814e-01 2.000000000000000000e+00 1.128312499999999829e+00
-1.154446719309999878e+02 3.244959451120000438e+01 4.400000000000000000e+01 7.595430348444769386e-01 1.000000000000000000e+00 1.010979999999999768e+00
-1.154086719309999864e+02 3.230559451119999892e+01 4.500000000000000000e+01 nan nan 5.709283947945000826e-01
-1.154086719309999864e+02 3.234159451120000028e+01 4.600000000000000000e+01 2.426204178633993847e-01 0.000000000000000000e+00 9.408759999999999346e-01
-1.154086719309999864e+02 3.237759451120000165e+01 4.700000000000000000e+01 5.258772462256499081e-01 2.000000000000000000e+00 1.145525000000000126e+00
-1.154086719309999864e+02 3.241359451120000301e+01 4.800000000000000000e+01 7.288294280625625676e-01 1.000000000000000000e+00 1.105499999999999927e+00
-1.153726719309999851e+02 3.230559451119999892e+01 4.900000000000000000e+01 nan nan 6.452964610523334033e-01
-1.153726719309999851e+02 3.234159451120000028e+01 5.000000000000000000e+01 3.549655117789706771e-01 0.000000000000000000e+00 1.067754999999999788e+00
-1.153726719309999851e+02 3.237759451120000165e+01 5.100000000000000000e+01 6.094789380087503039e-01 2.000000000000000000e+00 1.109249999999999847e+00
-1.153366719309999837e+02 3.230559451119999892e+01 5.200000000000000000e+01 nan nan 6.919051011403332119e-01
-1.153366719309999837e+02 3.234159451120000028e+01 5.300000000000000000e+01 6.012065492925541266e-01 2.000000000000000000e+00 1.034319999999999906e+00
-1.153366719309999837e+02 3.237759451120000165e+01 5.400000000000000000e+01 6.290701497015813715e-01 2.000000000000000000e+00 9.407499999999999751e-01
