-1.157821719309999935e+02 3.259809451120001000e+01 1.000000000000000000e+00 6.214390988837947827e-01 1.000000000000000000e+00 6.048000000000000043e-01
-1.157821719309999935e+02 3.260709451120001034e+01 2.000000000000000000e+00 6.324785845991564015e-01 1.000000000000000000e+00 6.257000000000000339e-01
-1.157731719310000074e+02 3.259809451120001000e+01 3.000000000000000000e+00 5.389343169278648649e-01 2.000000000000000000e+00 6.393999999999999684e-01
-1.157731719310000074e+02 3.260709451120001034e+01 4.000000000000000000e+00 5.520374486763685029e-01 2.000000000000000000e+00 6.591000000000000192e-01
-1.157731719310000074e+02 3.261609451120001069e+01 5.000000000000000000e+00 7.520733940113291105e-01 1.000000000000000000e+00 6.789000000000000590e-01
-1.157641719309999928e+02 3.258909451120000966e+01 6.000000000000000000e+00 6.885396269343404541e-01 1.000000000000000000e+00 6.518000000000000460e-01
-1.157641719309999928e+02 3.259809451120001000e+01 7.000000000000000000e+00 5.409176954247851832e-01 2.000000000000000000e+00 6.748999999999999444e-01
-1.157641719309999928e+02 3.260709451120001034e+01 8.000000000000000000e+00 5.873730019272708214e-01 2.000000000000000000e+00 6.865000000000001101e-01
-1.157641719309999928e+02 3.261609451120001069e+01 9.000000000000000000e+00 7.314175767742717715e-01 1.000000000000000000e+00 7.155000000000000249e-01
-1.157551719310000067e+02 3.258909451120000966e+01 1.000000000000000000e+01 7.554157052417915796e-01 1.000000000000000000e+00 6.904000000000000137e-01
-1.157551719310000067e+02 3.259809451120001000e+01 1.100000000000000000e+01 5.564063674840412643e-01 2.000000000000000000e+00 7.123000000000000442e-01
-1.157551719310000067e+02 3.260709451120001034e+01 1.200000000000000000e+01 6.358866100469878768e-01 1.000000000000000000e+00 6.790999999999999259e-01
-1.157551719310000067e+02 3.261609451120001069e+01 1.300000000000000000e+01 7.180795306669537359e-01 1.000000000000000000e+00 7.487000000000000322e-01
-1.157461719309999921e+02 3.258009451120000932e+01 1.400000000000000000e+01 7.969760345699427040e-01 1.000000000000000000e+00 7.407999999999999030e-01
-1.157461719309999921e+02 3.258909451120000966e+01 1.500000000000000000e+01 6.991200658496163900e-01 1.000000000000000000e+00 7.341499999999999693e-01
-1.157461719309999921e+02 3.259809451120001000e+01 1.600000000000000000e+01 5.114013713770977354e-01 0.000000000000000000e+00 7.669999999999999041e-01
-1.157461719309999921e+02 3.260709451120001034e+01 1.700000000000000000e+01 6.227844967668585419e-01 1.000000000000000000e+00 7.116000000000000103e-01
-1.157461719309999921e+02 3.261609451120001069e+01 1.800000000000000000e+01 7.336220112686177020e-01 1.000000000000000000e+00 7.997499999999999609e-01
-1.157371719310000060e+02 3.258009451120000932e+01 1.900000000000000000e+01 7.353586669556846367e-01 1.000000000000000000e+00 7.795000000000000817e-01
-1.157371719310000060e+02 3.258909451120000966e+01 2.000000000000000000e+01 5.567434713476812069e-01 2.000000000000000000e+00 7.955999999999999739e-01
-1.157371719310000060e+02 3.259809451120001000e+01 2.100000000000000000e+01 3.813410464609418016e-01 0.000000000000000000e+00 8.170999999999999375e-01
-1.157371719310000060e+02 3.260709451120001034e+01 2.200000000000000000e+01 6.318882072978704301e-01 1.000000000000000000e+00 8.170000000000000595e-01
-1.157371719310000060e+02 3.261609451120001069e+01 2.300000000000000000e+01 7.050436899394307844e-01 1.000000000000000000e+00 8.270999999999999464e-01
-1.157371719310000060e+02 3.262509451120001103e+01 2.400000000000000000e+01 7.451674072685040562e-01 1.000000000000000000e+00 9.122999999999999998e-01
-1.157371719310000060e+02 3.263409451120001137e+01 2.500000000000000000e+01 7.557667287685073676e-01 1.000000000000000000e+00 9.354999999999999982e-01
-1.157281719309999914e+02 3.257109451120000898e+01 2.600000000000000000e+01 6.679722246369589334e-01 1.000000000000000000e+00 7.972000000000000197e-01
-1.157281719309999914e+02 3.258009451120000932e+01 2.700000000000000000e+01 5.691927460895120916e-01 2.000000000000000000e+00 8.321999999999999398e-01
-1.157281719309999914e+02 3.258909451120000966e+01 2.800000000000000000e+01 3.125698223209620874e-01 0.000000000000000000e+00 8.131999999999999229e-01
-1.157281719309999914e+02 3.259809451120001000e+01 2.900000000000000000e+01 4.631613060918832736e-01 2.000000000000000000e+00 8.409999999999999698e-01
-1.157281719309999914e+02 3.260709451120001034e+01 3.000000000000000000e+01 5.725248173327232015e-01 2.000000000000000000e+00 7.429000000000001158e-01
-1.157281719309999914e+02 3.261609451120001069e+01 3.100000000000000000e+01 5.052064481831370912e-01 2.000000000000000000e+00 8.190999999999999392e-01
-1.157281719309999914e+02 3.262509451120001103e+01 3.200000000000000000e+01 6.016062814973244244e-01 1.000000000000000000e+00 8.371999999999999442e-01
-1.157281719309999914e+02 3.263409451120001137e+01 3.300000000000000000e+01 6.319652547965930456e-01 1.000000000000000000e+00 9.272000000000000242e-01
-1.157281719309999914e+02 3.264309451120001171e+01 3.400000000000000000e+01 6.753722080609683154e-01 1.000000000000000000e+00 9.793000000000000593e-01
-1.157191719310000053e+02 3.255309451120000830e+01 3.500000000000000000e+01 8.040840489894975907e-01 1.000000000000000000e+00 6.955000000000000071e-01
-1.157191719310000053e+02 3.256209451120000864e+01 3.600000000000000000e+01 6.726561822630165999e-01 1.000000000000000000e+00 7.772999999999999909e-01
-1.157191719310000053e+02 3.257109451120000898e+01 3.700000000000000000e+01 5.079557812821005047e-01 0.000000000000000000e+00 8.191500000000000448e-01
-1.157191719310000053e+02 3.258009451120000932e+01 3.800000000000000000e+01 7.530897192526989636e-01 1.000000000000000000e+00 8.418000000000001037e-01
-1.157191719310000053e+02 3.258909451120000966e+01 3.900000000000000000e+01 6.234874457991507191e-01 2.000000000000000000e+00 8.111000000000000432e-01
-1.157191719310000053e+02 3.259809451120001000e+01 4.000000000000000000e+01 4.143722261331343470e-01 0.000000000000000000e+00 8.146999999999999797e-01
-1.157191719310000053e+02 3.260709451120001034e+01 4.100000000000000000e+01 2.493359316126076142e-01 0.000000000000000000e+00 8.819000000000000172e-01
-1.157191719310000053e+02 3.261609451120001069e+01 4.200000000000000000e+01 2.708692468109895612e-01 0.000000000000000000e+00 9.323999999999998956e-01
-1.157191719310000053e+02 3.262509451120001103e+01 4.300000000000000000e+01 3.843034925450984352e-01 2.000000000000000000e+00 8.628000000000000114e-01
-1.157191719310000053e+02 3.263409451120001137e+01 4.400000000000000000e+01 4.506406816665580184e-01 2.000000000000000000e+00 8.752999999999999670e-01
-1.157191719310000053e+02 3.264309451120001171e+01 4.500000000000000000e+01 5.282694789685046244e-01 2.000000000000000000e+00 9.315000000000001057e-01
-1.157101719309999908e+02 3.255309451120000830e+01 4.600000000000000000e+01 7.553825897064865291e-01 1.000000000000000000e+00 7.754999999999999671e-01
-1.157101719309999908e+02 3.256209451120000864e+01 4.700000000000000000e+01 5.436256425981662588e-01 2.000000000000000000e+00 7.865000000000000879e-01
-1.157101719309999908e+02 3.257109451120000898e+01 4.800000000000000000e+01 6.073590769812003964e-01 1.000000000000000000e+00 8.405500000000000194e-01
-1.157101719309999908e+02 3.258009451120000932e+01 4.900000000000000000e+01 7.548310588153641643e-01 1.000000000000000000e+00 9.187999999999999501e-01
-1.157101719309999908e+02 3.258909451120000966e+01 5.000000000000000000e+01 7.841686871827039385e-01 1.000000000000000000e+00 9.425000000000000044e-01
-1.157101719309999908e+02 3.259809451120001000e+01 5.100000000000000000e+01 5.511919474802927654e-01 2.000000000000000000e+00 8.704000000000000625e-01
-1.157101719309999908e+02 3.260709451120001034e+01 5.200000000000000000e+01 3.429152591916942994e-01 2.000000000000000000e+00 8.593999999999999417e-01
-1.157101719309999908e+02 3.261609451120001069e+01 5.300000000000000000e+01 2.227096821180072073e-01 0.000000000000000000e+00 8.712999999999999634e-01
-1.157101719309999908e+02 3.262509451120001103e+01 5.400000000000000000e+01 1.221233204622929336e-01 0.000000000000000000e+00 9.854000000000000536e-01
-1.157101719309999908e+02 3.263409451120001137e+01 5.500000000000000000e+01 3.286163672568065408e-01 0.000000000000000000e+00 9.056999999999999496e-01
-1.157101719309999908e+02 3.264309451120001171e+01 5.600000000000000000e+01 4.052593979043008221e-01 0.000000000000000000e+00 8.998000000000000442e-01
-1.157101719309999908e+02 3.265209451120001205e+01 5.700000000000000000e+01 6.947161290628819375e-01 1.000000000000000000e+00 1.004000000000000004e+00
-1.157011719310000046e+02 3.254409451120000796e+01 5.800000000000000000e+01 7.759265507789065985e-01 1.000000000000000000e+00 7.629000000000000226e-01
-1.157011719310000046e+02 3.255309451120000830e+01 5.900000000000000000e+01 6.076697868344551612e-01 2.000000000000000000e+00 7.933000000000000052e-01
-1.157011719310000046e+02 3.256209451120000864e+01 6.000000000000000000e+01 4.355159764402524170e-01 2.000000000000000000e+00 8.222000000000000419e-01
-1.157011719310000046e+02 3.257109451120000898e+01 6.100000000000000000e+01 6.419530181924828494e-01 1.000000000000000000e+00 8.599499999999999922e-01
-1.157011719310000046e+02 3.258009451120000932e+01 6.200000000000000000e+01 6.497179744376939681e-01 1.000000000000000000e+00 9.473000000000000309e-01
-1.157011719310000046e+02 3.258909451120000966e+01 6.300000000000000000e+01 6.825950692651434615e-01 1.000000000000000000e+00 8.689000000000000057e-01
-1.157011719310000046e+02 3.259809451120001000e+01 6.400000000000000000e+01 6.847014800453894434e-01 1.000000000000000000e+00 9.793999999999999373e-01
-1.157011719310000046e+02 3.260709451120001034e+01 6.500000000000000000e+01 6.153259067792963277e-01 1.000000000000000000e+00 9.000000000000000222e-01
-1.157011719310000046e+02 3.261609451120001069e+01 6.600000000000000000e+01 3.088009653388752440e-01 2.000000000000000000e+00 8.862000000000000988e-01
-1.157011719310000046e+02 3.262509451120001103e+01 6.700000000000000000e+01 3.103017124507493341e-01 2.000000000000000000e+00 8.934999999999999609e-01
-1.157011719310000046e+02 3.263409451120001137e+01 6.800000000000000000e+01 3.041636193554171363e-01 0.000000000000000000e+00 8.993999999999999773e-01
-1.157011719310000046e+02 3.264309451120001171e+01 6.900000000000000000e+01 3.831864246288767539e-01 2.000000000000000000e+00 9.376000000000001000e-01
-1.157011719310000046e+02 3.265209451120001205e+01 7.000000000000000000e+01 7.019854309240122214e-01 1.000000000000000000e+00 1.008000000000000007e+00
-1.156921719309999901e+02 3.254409451120000796e+01 7.100000000000000000e+01 7.055605972803291603e-01 1.000000000000000000e+00 7.923000000000000043e-01
-1.156921719309999901e+02 3.255309451120000830e+01 7.200000000000000000e+01 5.637557456562224401e-01 0.000000000000000000e+00 8.266000000000000014e-01
-1.156921719309999901e+02 3.256209451120000864e+01 7.300000000000000000e+01 4.789447120323985230e-01 0.000000000000000000e+00 8.456000000000000183e-01
-1.156921719309999901e+02 3.257109451120000898e+01 7.400000000000000000e+01 5.475673019320779211e-01 0.000000000000000000e+00 9.325499999999999901e-01
-1.156921719309999901e+02 3.258009451120000932e+01 7.500000000000000000e+01 5.880160583396786267e-01 2.000000000000000000e+00 9.451000000000000512e-01
-1.156921719309999901e+02 3.258909451120000966e+01 7.600000000000000000e+01 6.743982187071049239e-01 1.000000000000000000e+00 9.662000000000000588e-01
-1.156921719309999901e+02 3.259809451120001000e+01 7.700000000000000000e+01 7.873847053289374509e-01 1.000000000000000000e+00 9.609000000000000874e-01
-1.156921719309999901e+02 3.260709451120001034e+01 7.800000000000000000e+01 7.438401401152969772e-01 1.000000000000000000e+00 9.968000000000000194e-01
-1.156921719309999901e+02 3.261609451120001069e+01 7.900000000000000000e+01 7.025327558299482300e-01 1.000000000000000000e+00 9.727999999999999980e-01
-1.156921719309999901e+02 3.262509451120001103e+01 8.000000000000000000e+01 5.612534233265651373e-01 2.000000000000000000e+00 9.118999999999999329e-01
-1.156921719309999901e+02 3.263409451120001137e+01 8.100000000000000000e+01 5.777733862560071598e-01 2.000000000000000000e+00 9.198999999999999400e-01
-1.156921719309999901e+02 3.264309451120001171e+01 8.200000000000000000e+01 5.254972306649998703e-01 2.000000000000000000e+00 9.681999999999999496e-01
-1.156921719309999901e+02 3.265209451120001205e+01 8.300000000000000000e+01 6.122923132978789207e-01 2.000000000000000000e+00 9.784000000000000474e-01
-1.156831719310000040e+02 3.253509451120000762e+01 8.400000000000000000e+01 7.912157802645021221e-01 1.000000000000000000e+00 7.470999999999999863e-01
-1.156831719310000040e+02 3.254409451120000796e+01 8.500000000000000000e+01 7.835873902638443855e-01 1.000000000000000000e+00 7.898000000000000576e-01
-1.156831719310000040e+02 3.255309451120000830e+01 8.600000000000000000e+01 7.641525362140642041e-01 1.000000000000000000e+00 8.229000000000000759e-01
-1.156831719310000040e+02 3.256209451120000864e+01 8.700000000000000000e+01 7.157695144008345833e-01 1.000000000000000000e+00 9.170999999999999153e-01
-1.156831719310000040e+02 3.257109451120000898e+01 8.800000000000000000e+01 6.903956211118943420e-01 1.000000000000000000e+00 9.560999999999999499e-01
-1.156831719310000040e+02 3.258009451120000932e+01 8.900000000000000000e+01 6.234511742474617702e-01 2.000000000000000000e+00 9.647999999999999909e-01
-1.156831719310000040e+02 3.258909451120000966e+01 9.000000000000000000e+01 5.466698206934272886e-01 0.000000000000000000e+00 9.786000000000000254e-01
-1.156831719310000040e+02 3.259809451120001000e+01 9.100000000000000000e+01 7.596536657909724877e-01 1.000000000000000000e+00 9.645000000000000240e-01
-1.156741719309999894e+02 3.252609451120000728e+01 9.200000000000000000e+01 7.985441724518713702e-01 1.000000000000000000e+00 7.356999999999999096e-01
-1.156741719309999894e+02 3.253509451120000762e+01 9.300000000000000000e+01 8.037949079504879135e-01 1.000000000000000000e+00 7.981999999999999096e-01
-1.156741719309999894e+02 3.254409451120000796e+01 9.400000000000000000e+01 7.245956481368222013e-01 1.000000000000000000e+00 8.427999999999999936e-01
-1.156741719309999894e+02 3.255309451120000830e+01 9.500000000000000000e+01 6.402361566304196616e-01 1.000000000000000000e+00 8.634000000000000563e-01
-1.156741719309999894e+02 3.256209451120000864e+01 9.600000000000000000e+01 6.430753590971494127e-01 1.000000000000000000e+00 9.462000000000000410e-01
-1.156741719309999894e+02 3.257109451120000898e+01 9.700000000000000000e+01 7.754393266509731486e-01 1.000000000000000000e+00 9.282500000000000195e-01
-1.156741719309999894e+02 3.258009451120000932e+01 9.800000000000000000e+01 7.810292528551741054e-01 1.000000000000000000e+00 9.658999999999999808e-01
-1.156741719309999894e+02 3.258909451120000966e+01 9.900000000000000000e+01 7.792558182853588367e-01 1.000000000000000000e+00 9.584000000000000297e-01
-1.156651719310000033e+02 3.251709451120000693e+01 1.000000000000000000e+02 8.029048146463320101e-01 1.000000000000000000e+00 7.406999999999999140e-01
-1.156651719310000033e+02 3.252609451120000728e+01 1.010000000000000000e+02 7.899402638153469880e-01 1.000000000000000000e+00 7.985999999999999766e-01
-1.156651719310000033e+02 3.253509451120000762e+01 1.020000000000000000e+02 6.797360611995872937e-01 1.000000000000000000e+00 8.418000000000001037e-01
-1.156651719310000033e+02 3.254409451120000796e+01 1.030000000000000000e+02 5.450713888679752372e-01 2.000000000000000000e+00 8.545000000000000373e-01
-1.156651719310000033e+02 3.255309451120000830e+01 1.040000000000000000e+02 5.232638475764586072e-01 0.000000000000000000e+00 9.390000000000000568e-01
-1.156651719310000033e+02 3.256209451120000864e+01 1.050000000000000000e+02 5.933108929925111630e-01 2.000000000000000000e+00 9.527999999999999803e-01
-1.156651719310000033e+02 3.257109451120000898e+01 1.060000000000000000e+02 7.265524234407251258e-01 1.000000000000000000e+00 9.618499999999999828e-01
-1.156651719310000033e+02 3.258009451120000932e+01 1.070000000000000000e+02 7.549863574252072551e-01 1.000000000000000000e+00 9.361000000000000432e-01
-1.156561719309999887e+02 3.249909451120000625e+01 1.080000000000000000e+02 7.921903526684291874e-01 1.000000000000000000e+00 7.145999999999999019e-01
-1.156561719309999887e+02 3.250809451120000659e+01 1.090000000000000000e+02 7.891094312857136472e-01 1.000000000000000000e+00 7.541999999999999815e-01
-1.156561719309999887e+02 3.251709451120000693e+01 1.100000000000000000e+02 7.819820712482711267e-01 1.000000000000000000e+00 8.073000000000000176e-01
-1.156561719309999887e+02 3.252609451120000728e+01 1.110000000000000000e+02 7.308641383624565613e-01 1.000000000000000000e+00 8.337999999999999856e-01
-1.156561719309999887e+02 3.253509451120000762e+01 1.120000000000000000e+02 5.603083429720066011e-01 2.000000000000000000e+00 8.471999999999999531e-01
-1.156561719309999887e+02 3.254409451120000796e+01 1.130000000000000000e+02 3.986843469752033298e-01 0.000000000000000000e+00 9.187999999999999501e-01
-1.156561719309999887e+02 3.255309451120000830e+01 1.140000000000000000e+02 4.922110916643048228e-01 2.000000000000000000e+00 9.618000000000000993e-01
-1.156561719309999887e+02 3.256209451120000864e+01 1.150000000000000000e+02 6.233903225996776376e-01 1.000000000000000000e+00 9.721999999999999531e-01
-1.156561719309999887e+02 3.257109451120000898e+01 1.160000000000000000e+02 6.203008591304390862e-01 1.000000000000000000e+00 9.689999999999999725e-01
-1.156561719309999887e+02 3.258009451120000932e+01 1.170000000000000000e+02 7.071601451384837977e-01 1.000000000000000000e+00 9.290999999999999259e-01
-1.156471719310000026e+02 3.248109451120000557e+01 1.180000000000000000e+02 8.036806041100942322e-01 1.000000000000000000e+00 6.875000000000000000e-01
-1.156471719310000026e+02 3.249009451120000591e+01 1.190000000000000000e+02 7.293675523301476060e-01 1.000000000000000000e+00 7.295000000000000373e-01
-1.156471719310000026e+02 3.249909451120000625e+01 1.200000000000000000e+02 7.201934496402870867e-01 1.000000000000000000e+00 7.681000000000000050e-01
-1.156471719310000026e+02 3.250809451120000659e+01 1.210000000000000000e+02 6.836533457085051113e-01 1.000000000000000000e+00 8.029000000000000581e-01
-1.156471719310000026e+02 3.251709451120000693e+01 1.220000000000000000e+02 4.977502907350987438e-01 0.000000000000000000e+00 8.177999999999999714e-01
-1.156471719310000026e+02 3.252609451120000728e+01 1.230000000000000000e+02 3.685694546365407276e-01 0.000000000000000000e+00 8.116999999999999771e-01
-1.156471719310000026e+02 3.253509451120000762e+01 1.240000000000000000e+02 4.063511421655635614e-01 2.000000000000000000e+00 9.215000000000000968e-01
-1.156471719310000026e+02 3.254409451120000796e+01 1.250000000000000000e+02 3.640372744718174958e-01 0.000000000000000000e+00 9.555000000000000160e-01
-1.156471719310000026e+02 3.255309451120000830e+01 1.260000000000000000e+02 5.955508975199724775e-01 0.000000000000000000e+00 9.738999999999999879e-01
-1.156471719310000026e+02 3.256209451120000864e+01 1.270000000000000000e+02 7.177226063234469766e-01 1.000000000000000000e+00 9.786000000000000254e-01
-1.156471719310000026e+02 3.257109451120000898e+01 1.280000000000000000e+02 7.217420967227575757e-01 1.000000000000000000e+00 9.600500000000000700e-01
-1.156471719310000026e+02 3.258009451120000932e+01 1.290000000000000000e+02 7.830766645955063998e-01 1.000000000000000000e+00 8.981000000000000094e-01
-1.156381719309999880e+02 3.247209451120000523e+01 1.300000000000000000e+02 5.905423869585889607e-01 2.000000000000000000e+00 6.894000000000000128e-01
-1.156381719309999880e+02 3.248109451120000557e+01 1.310000000000000000e+02 6.029019285065084777e-01 2.000000000000000000e+00 7.247999999999999998e-01
-1.156381719309999880e+02 3.249009451120000591e+01 1.320000000000000000e+02 7.016793533537696304e-01 1.000000000000000000e+00 7.632999999999999785e-01
-1.156381719309999880e+02 3.249909451120000625e+01 1.330000000000000000e+02 6.721468981543858856e-01 1.000000000000000000e+00 7.981000000000000316e-01
-1.156381719309999880e+02 3.250809451120000659e+01 1.340000000000000000e+02 6.460230116205227802e-01 1.000000000000000000e+00 8.223000000000000309e-01
-1.156381719309999880e+02 3.251709451120000693e+01 1.350000000000000000e+02 3.742640725139360081e-01 2.000000000000000000e+00 8.283000000000000362e-01
-1.156381719309999880e+02 3.252609451120000728e+01 1.360000000000000000e+02 2.959409175768398792e-01 0.000000000000000000e+00 8.582999999999999519e-01
-1.156381719309999880e+02 3.253509451120000762e+01 1.370000000000000000e+02 4.293252186891302613e-01 2.000000000000000000e+00 9.595000000000000195e-01
-1.156381719309999880e+02 3.254409451120000796e+01 1.380000000000000000e+02 4.414108424551573817e-01 2.000000000000000000e+00 9.743000000000000549e-01
-1.156381719309999880e+02 3.255309451120000830e+01 1.390000000000000000e+02 5.374754581838474543e-01 2.000000000000000000e+00 9.777000000000000135e-01
-1.156381719309999880e+02 3.256209451120000864e+01 1.400000000000000000e+02 7.450772359001678335e-01 1.000000000000000000e+00 9.826000000000000290e-01
-1.156381719309999880e+02 3.257109451120000898e+01 1.410000000000000000e+02 7.981535262513843598e-01 1.000000000000000000e+00 9.325999999999999845e-01
-1.156291719310000019e+02 3.246309451120000489e+01 1.420000000000000000e+02 6.632335758688827632e-01 1.000000000000000000e+00 6.595500000000000806e-01
-1.156291719310000019e+02 3.247209451120000523e+01 1.430000000000000000e+02 4.983523675785532236e-01 2.000000000000000000e+00 7.197000000000000064e-01
-1.156291719310000019e+02 3.248109451120000557e+01 1.440000000000000000e+02 4.466684501864029433e-01 0.000000000000000000e+00 7.713999999999999746e-01
-1.156291719310000019e+02 3.249009451120000591e+01 1.450000000000000000e+02 6.599972314716594513e-01 1.000000000000000000e+00 8.033500000000000085e-01
-1.156291719310000019e+02 3.249909451120000625e+01 1.460000000000000000e+02 6.837886644674682213e-01 1.000000000000000000e+00 8.375999999999999002e-01
-1.156291719310000019e+02 3.250809451120000659e+01 1.470000000000000000e+02 6.023199148274057668e-01 0.000000000000000000e+00 8.514999999999999236e-01
-1.156291719310000019e+02 3.251709451120000693e+01 1.480000000000000000e+02 3.566236915483220193e-01 0.000000000000000000e+00 9.045499999999999652e-01
-1.156291719310000019e+02 3.252609451120000728e+01 1.490000000000000000e+02 3.362340530699642893e-01 0.000000000000000000e+00 9.334999999999999964e-01
-1.156291719310000019e+02 3.253509451120000762e+01 1.500000000000000000e+02 3.104517520457005242e-01 0.000000000000000000e+00 9.757500000000001172e-01
-1.156291719310000019e+02 3.254409451120000796e+01 1.510000000000000000e+02 4.030893767356221735e-01 2.000000000000000000e+00 9.796000000000000263e-01
-1.156291719310000019e+02 3.255309451120000830e+01 1.520000000000000000e+02 6.971447763125599995e-01 1.000000000000000000e+00 9.861999999999999655e-01
-1.156291719310000019e+02 3.256209451120000864e+01 1.530000000000000000e+02 7.638088240459557365e-01 1.000000000000000000e+00 9.567999999999999838e-01
-1.156201719309999874e+02 3.245409451120000455e+01 1.540000000000000000e+02 5.530984542299641760e-01 2.000000000000000000e+00 6.686999999999999611e-01
-1.156201719309999874e+02 3.246309451120000489e+01 1.550000000000000000e+02 3.887864503497925894e-01 0.000000000000000000e+00 7.443999999999999506e-01
-1.156201719309999874e+02 3.247209451120000523e+01 1.560000000000000000e+02 3.847501603208901555e-01 0.000000000000000000e+00 7.842000000000000082e-01
-1.156201719309999874e+02 3.248109451120000557e+01 1.570000000000000000e+02 6.218082230293053847e-01 2.000000000000000000e+00 8.003000000000000114e-01
-1.156201719309999874e+02 3.249009451120000591e+01 1.580000000000000000e+02 5.717078453585761055e-01 2.000000000000000000e+00 8.296999999999999931e-01
-1.156201719309999874e+02 3.249909451120000625e+01 1.590000000000000000e+02 6.653729310641788297e-01 1.000000000000000000e+00 8.704000000000000625e-01
-1.156201719309999874e+02 3.250809451120000659e+01 1.600000000000000000e+02 4.793167072247709881e-01 0.000000000000000000e+00 9.487999999999999767e-01
-1.156201719309999874e+02 3.251709451120000693e+01 1.610000000000000000e+02 3.227323841880108679e-01 0.000000000000000000e+00 9.708999999999999853e-01
-1.156201719309999874e+02 3.252609451120000728e+01 1.620000000000000000e+02 3.084533726380410679e-01 0.000000000000000000e+00 9.742000000000000659e-01
-1.156201719309999874e+02 3.253509451120000762e+01 1.630000000000000000e+02 4.079622584128995144e-01 2.000000000000000000e+00 9.393000000000000238e-01
-1.156201719309999874e+02 3.254409451120000796e+01 1.640000000000000000e+02 6.809470746105447114e-01 1.000000000000000000e+00 9.890999999999999792e-01
-1.156201719309999874e+02 3.255309451120000830e+01 1.650000000000000000e+02 7.389900689685605650e-01 1.000000000000000000e+00 9.594000000000000306e-01
-1.156201719309999874e+02 3.256209451120000864e+01 1.660000000000000000e+02 7.621800678640557880e-01 1.000000000000000000e+00 9.054000000000000936e-01
-1.156111719310000012e+02 3.244509451120000421e+01 1.670000000000000000e+02 6.298466627430117093e-01 0.000000000000000000e+00 6.589000000000000412e-01
-1.156111719310000012e+02 3.245409451120000455e+01 1.680000000000000000e+02 4.935165061991365065e-01 2.000000000000000000e+00 7.112500000000000488e-01
-1.156111719310000012e+02 3.246309451120000489e+01 1.690000000000000000e+02 5.274528413975664298e-01 0.000000000000000000e+00 7.768999999999999240e-01
-1.156111719310000012e+02 3.247209451120000523e+01 1.700000000000000000e+02 5.946357917370163060e-01 2.000000000000000000e+00 7.943999999999999950e-01
-1.156111719310000012e+02 3.248109451120000557e+01 1.710000000000000000e+02 3.366963663317106836e-01 0.000000000000000000e+00 8.112000000000000322e-01
-1.156111719310000012e+02 3.249009451120000591e+01 1.720000000000000000e+02 1.590148463018040970e-01 0.000000000000000000e+00 8.690999999999999837e-01
-1.156111719310000012e+02 3.249909451120000625e+01 1.730000000000000000e+02 5.042763050642478095e-01 2.000000000000000000e+00 8.895000000000000684e-01
-1.156111719310000012e+02 3.250809451120000659e+01 1.740000000000000000e+02 5.225254783097117439e-01 0.000000000000000000e+00 8.294000000000000261e-01
-1.156111719310000012e+02 3.251709451120000693e+01 1.750000000000000000e+02 3.410056314962075508e-01 0.000000000000000000e+00 9.847000000000000197e-01
-1.156111719310000012e+02 3.252609451120000728e+01 1.760000000000000000e+02 3.515504766448729335e-01 0.000000000000000000e+00 9.487000000000000988e-01
-1.156111719310000012e+02 3.253509451120000762e+01 1.770000000000000000e+02 5.944424743978607983e-01 0.000000000000000000e+00 9.889000000000000012e-01
-1.156111719310000012e+02 3.254409451120000796e+01 1.780000000000000000e+02 7.429826007499019669e-01 1.000000000000000000e+00 9.762000000000000677e-01
-1.156111719310000012e+02 3.255309451120000830e+01 1.790000000000000000e+02 7.744214764905299475e-01 1.000000000000000000e+00 9.176000000000000822e-01
-1.156021719309999867e+02 3.242709451120000352e+01 1.800000000000000000e+02 7.231010410916622888e-01 1.000000000000000000e+00 6.339000000000000190e-01
-1.156021719309999867e+02 3.243609451120000386e+01 1.810000000000000000e+02 6.374341036351743872e-01 2.000000000000000000e+00 6.478000000000000425e-01
-1.156021719309999867e+02 3.244509451120000421e+01 1.820000000000000000e+02 2.988318521294728303e-01 0.000000000000000000e+00 6.468000000000000416e-01
-1.156021719309999867e+02 3.245409451120000455e+01 1.830000000000000000e+02 4.100033567276075708e-01 0.000000000000000000e+00 7.089999999999999636e-01
-1.156021719309999867e+02 3.246309451120000489e+01 1.840000000000000000e+02 6.022475220352134784e-01 2.000000000000000000e+00 7.447000000000000286e-01
-1.156021719309999867e+02 3.247209451120000523e+01 1.850000000000000000e+02 3.636214703354347377e-01 0.000000000000000000e+00 8.275000000000000133e-01
-1.156021719309999867e+02 3.248109451120000557e+01 1.860000000000000000e+02 2.817212695421743018e-01 0.000000000000000000e+00 8.747000000000000330e-01
-1.156021719309999867e+02 3.249009451120000591e+01 1.870000000000000000e+02 3.824481718282310427e-01 2.000000000000000000e+00 8.941000000000000059e-01
-1.156021719309999867e+02 3.249909451120000625e+01 1.880000000000000000e+02 4.508608276638900181e-01 2.000000000000000000e+00 9.670000000000000817e-01
-1.156021719309999867e+02 3.250809451120000659e+01 1.890000000000000000e+02 4.098339654387270770e-01 2.000000000000000000e+00 9.932999999999999607e-01
-1.156021719309999867e+02 3.251709451120000693e+01 1.900000000000000000e+02 4.237640704024593918e-01 2.000000000000000000e+00 9.845000000000000417e-01
-1.156021719309999867e+02 3.252609451120000728e+01 1.910000000000000000e+02 6.207983318892332791e-01 0.000000000000000000e+00 9.936000000000000387e-01
-1.156021719309999867e+02 3.253509451120000762e+01 1.920000000000000000e+02 6.736525669825471629e-01 1.000000000000000000e+00 9.915000000000000480e-01
-1.156021719309999867e+02 3.254409451120000796e+01 1.930000000000000000e+02 8.000578790041431576e-01 1.000000000000000000e+00 9.195999999999999730e-01
-1.155931719310000005e+02 3.241809451120000318e+01 1.940000000000000000e+02 7.357323238802557785e-01 1.000000000000000000e+00 6.347000000000000419e-01
-1.155931719310000005e+02 3.242709451120000352e+01 1.950000000000000000e+02 6.544612904253944707e-01 1.000000000000000000e+00 6.304999999999999494e-01
-1.155931719310000005e+02 3.243609451120000386e+01 1.960000000000000000e+02 3.714582405838006141e-01 0.000000000000000000e+00 6.130999999999999783e-01
-1.155931719310000005e+02 3.244509451120000421e+01 1.970000000000000000e+02 4.552501250822214574e-01 0.000000000000000000e+00 6.754999999999999893e-01
-1.155931719310000005e+02 3.245409451120000455e+01 1.980000000000000000e+02 3.846351335057523468e-01 0.000000000000000000e+00 6.771000000000000352e-01
-1.155931719310000005e+02 3.246309451120000489e+01 1.990000000000000000e+02 2.342361631340344474e-01 0.000000000000000000e+00 8.020999999999999241e-01
-1.155931719310000005e+02 3.247209451120000523e+01 2.000000000000000000e+02 2.894025857070864349e-01 0.000000000000000000e+00 8.732999999999999652e-01
-1.155931719310000005e+02 3.248109451120000557e+01 2.010000000000000000e+02 4.129060364776284686e-01 2.000000000000000000e+00 8.973999999999999755e-01
-1.155931719310000005e+02 3.249009451120000591e+01 2.020000000000000000e+02 3.232423334202664811e-01 0.000000000000000000e+00 9.759999999999999787e-01
-1.155931719310000005e+02 3.249909451120000625e+01 2.030000000000000000e+02 4.476682890373548940e-01 2.000000000000000000e+00 9.914000000000000590e-01
-1.155931719310000005e+02 3.250809451120000659e+01 2.040000000000000000e+02 3.655927769085089984e-01 0.000000000000000000e+00 9.940000000000001057e-01
-1.155931719310000005e+02 3.251709451120000693e+01 2.050000000000000000e+02 4.698256882546678059e-01 2.000000000000000000e+00 1.002000000000000002e+00
-1.155931719310000005e+02 3.252609451120000728e+01 2.060000000000000000e+02 6.521868667246282225e-01 1.000000000000000000e+00 1.002999999999999892e+00
-1.155841719309999860e+02 3.240909451120000284e+01 2.070000000000000000e+02 7.919171967475150398e-01 1.000000000000000000e+00 6.292999999999999705e-01
-1.155841719309999860e+02 3.241809451120000318e+01 2.080000000000000000e+02 6.144989382520349430e-01 2.000000000000000000e+00 6.347999999999999199e-01
-1.155841719309999860e+02 3.242709451120000352e+01 2.090000000000000000e+02 3.443297009523131336e-01 0.000000000000000000e+00 6.061999999999999611e-01
-1.155841719309999860e+02 3.243609451120000386e+01 2.100000000000000000e+02 3.488434873800969616e-01 0.000000000000000000e+00 6.870999999999999330e-01
-1.155841719309999860e+02 3.244509451120000421e+01 2.110000000000000000e+02 3.058476175617936277e-01 0.000000000000000000e+00 6.815000000000001057e-01
-1.155841719309999860e+02 3.245409451120000455e+01 2.120000000000000000e+02 2.117374846080713469e-01 0.000000000000000000e+00 7.297500000000000098e-01
-1.155841719309999860e+02 3.246309451120000489e+01 2.130000000000000000e+02 1.172438566275856436e-01 0.000000000000000000e+00 8.432999999999999385e-01
-1.155841719309999860e+02 3.247209451120000523e+01 2.140000000000000000e+02 1.683592548646358766e-01 0.000000000000000000e+00 8.981000000000000094e-01
-1.155841719309999860e+02 3.248109451120000557e+01 2.150000000000000000e+02 3.369664499009811243e-01 0.000000000000000000e+00 9.767000000000000126e-01
-1.155841719309999860e+02 3.249009451120000591e+01 2.160000000000000000e+02 3.862769485971250250e-01 2.000000000000000000e+00 9.793000000000000593e-01
-1.155841719309999860e+02 3.249909451120000625e+01 2.170000000000000000e+02 4.108411504414160031e-01 2.000000000000000000e+00 9.937999999999999057e-01
-1.155841719309999860e+02 3.250809451120000659e+01 2.180000000000000000e+02 6.065471171121845639e-01 2.000000000000000000e+00 1.010000000000000009e+00
-1.155841719309999860e+02 3.251709451120000693e+01 2.190000000000000000e+02 6.718354302383242604e-01 1.000000000000000000e+00 1.009000000000000119e+00
-1.155751719309999999e+02 3.240009451120000250e+01 2.200000000000000000e+02 8.058644963807954920e-01 1.000000000000000000e+00 6.203999999999999515e-01
-1.155751719309999999e+02 3.240909451120000284e+01 2.210000000000000000e+02 7.249729088239514896e-01 1.000000000000000000e+00 6.351999999999999869e-01
-1.155751719309999999e+02 3.241809451120000318e+01 2.220000000000000000e+02 4.255354289860036054e-01 0.000000000000000000e+00 6.086000000000000298e-01
-1.155751719309999999e+02 3.242709451120000352e+01 2.230000000000000000e+02 2.529780350908418796e-01 0.000000000000000000e+00 6.926999999999999824e-01
-1.155751719309999999e+02 3.243609451120000386e+01 2.240000000000000000e+02 3.857190645574492538e-01 0.000000000000000000e+00 7.267000000000000126e-01
-1.155751719309999999e+02 3.244509451120000421e+01 2.250000000000000000e+02 2.070189954444413560e-01 0.000000000000000000e+00 6.865000000000001101e-01
-1.155751719309999999e+02 3.245409451120000455e+01 2.260000000000000000e+02 2.165211396305030955e-01 0.000000000000000000e+00 7.928500000000000547e-01
-1.155751719309999999e+02 3.246309451120000489e+01 2.270000000000000000e+02 1.306943348367027580e-01 0.000000000000000000e+00 8.529999999999999805e-01
-1.155751719309999999e+02 3.247209451120000523e+01 2.280000000000000000e+02 3.799324356613539289e-01 0.000000000000000000e+00 9.145999999999999686e-01
-1.155751719309999999e+02 3.248109451120000557e+01 2.290000000000000000e+02 3.222728747422620721e-01 0.000000000000000000e+00 9.909999999999999920e-01
-1.155751719309999999e+02 3.249009451120000591e+01 2.300000000000000000e+02 3.301812719556968534e-01 0.000000000000000000e+00 9.590999999999999526e-01
-1.155751719309999999e+02 3.249909451120000625e+01 2.310000000000000000e+02 5.625498845222955957e-01 2.000000000000000000e+00 9.991999999999999771e-01
-1.155751719309999999e+02 3.250809451120000659e+01 2.320000000000000000e+02 7.205468692774864570e-01 1.000000000000000000e+00 1.019000000000000128e+00
-1.155661719309999853e+02 3.239109451120000216e+01 2.330000000000000000e+02 7.881924478351112207e-01 1.000000000000000000e+00 6.217000000000000304e-01
-1.155661719309999853e+02 3.240009451120000250e+01 2.340000000000000000e+02 7.325616970568220587e-01 1.000000000000000000e+00 6.313999999999999613e-01
-1.155661719309999853e+02 3.240909451120000284e+01 2.350000000000000000e+02 3.581704459295040888e-01 0.000000000000000000e+00 5.882999999999999341e-01
-1.155661719309999853e+02 3.241809451120000318e+01 2.360000000000000000e+02 2.250212061226400662e-01 0.000000000000000000e+00 6.615999999999999659e-01
-1.155661719309999853e+02 3.242709451120000352e+01 2.370000000000000000e+02 3.561921666621232774e-01 0.000000000000000000e+00 7.338999999999999968e-01
-1.155661719309999853e+02 3.243609451120000386e+01 2.380000000000000000e+02 2.360245748424936452e-01 0.000000000000000000e+00 6.824999999999999956e-01
-1.155661719309999853e+02 3.244509451120000421e+01 2.390000000000000000e+02 2.834902446739954729e-01 0.000000000000000000e+00 7.176000000000000156e-01
-1.155661719309999853e+02 3.245409451120000455e+01 2.400000000000000000e+02 2.107518997544417794e-01 0.000000000000000000e+00 8.642999999999999572e-01
-1.155661719309999853e+02 3.246309451120000489e+01 2.410000000000000000e+02 2.294907507660943480e-01 0.000000000000000000e+00 8.570999999999999730e-01
-1.155661719309999853e+02 3.247209451120000523e+01 2.420000000000000000e+02 3.469785065123420220e-01 0.000000000000000000e+00 9.568999999999999728e-01
-1.155661719309999853e+02 3.248109451120000557e+01 2.430000000000000000e+02 3.278035694659470201e-01 0.000000000000000000e+00 9.415999999999999925e-01
-1.155661719309999853e+02 3.249009451120000591e+01 2.440000000000000000e+02 5.456580020044281554e-01 2.000000000000000000e+00 9.854000000000000536e-01
-1.155661719309999853e+02 3.249909451120000625e+01 2.450000000000000000e+02 6.633629612569295064e-01 1.000000000000000000e+00 1.028000000000000025e+00
-1.155571719309999992e+02 3.239109451120000216e+01 2.460000000000000000e+02 7.424070417657100407e-01 1.000000000000000000e+00 6.385000000000000675e-01
-1.155571719309999992e+02 3.240009451120000250e+01 2.470000000000000000e+02 4.963819727362659417e-01 0.000000000000000000e+00 6.129000000000000004e-01
-1.155571719309999992e+02 3.240909451120000284e+01 2.480000000000000000e+02 2.712322656085370265e-01 0.000000000000000000e+00 6.476999999999999424e-01
-1.155571719309999992e+02 3.241809451120000318e+01 2.490000000000000000e+02 3.522585741248817071e-01 0.000000000000000000e+00 7.265999999999999126e-01
-1.155571719309999992e+02 3.242709451120000352e+01 2.500000000000000000e+02 2.523389853966296337e-01 0.000000000000000000e+00 7.057999999999999829e-01
-1.155571719309999992e+02 3.243609451120000386e+01 2.510000000000000000e+02 2.119583020495220127e-01 0.000000000000000000e+00 7.142000000000000570e-01
-1.155571719309999992e+02 3.244509451120000421e+01 2.520000000000000000e+02 2.011892182633715220e-01 0.000000000000000000e+00 7.595999999999999419e-01
-1.155571719309999992e+02 3.245409451120000455e+01 2.530000000000000000e+02 1.112433450533426293e-01 0.000000000000000000e+00 8.397000000000000020e-01
-1.155571719309999992e+02 3.246309451120000489e+01 2.540000000000000000e+02 3.203611605642495141e-01 0.000000000000000000e+00 9.128000000000000558e-01
-1.155571719309999992e+02 3.247209451120000523e+01 2.550000000000000000e+02 3.348003190097235127e-01 0.000000000000000000e+00 9.626000000000000112e-01
-1.155571719309999992e+02 3.248109451120000557e+01 2.560000000000000000e+02 3.963755233193295702e-01 2.000000000000000000e+00 9.940000000000001057e-01
-1.155571719309999992e+02 3.249009451120000591e+01 2.570000000000000000e+02 6.528664425361743184e-01 1.000000000000000000e+00 1.036000000000000032e+00
-1.155571719309999992e+02 3.249909451120000625e+01 2.580000000000000000e+02 7.137578137224841468e-01 1.000000000000000000e+00 1.022000000000000020e+00
-1.155481719309999846e+02 3.238209451120000182e+01 2.590000000000000000e+02 7.970117157038428823e-01 1.000000000000000000e+00 6.432999999999999829e-01
-1.155481719309999846e+02 3.239109451120000216e+01 2.600000000000000000e+02 5.990231419659702850e-01 2.000000000000000000e+00 6.541000000000000147e-01
-1.155481719309999846e+02 3.240009451120000250e+01 2.610000000000000000e+02 5.491768245240780111e-01 2.000000000000000000e+00 6.500000000000000222e-01
-1.155481719309999846e+02 3.240909451120000284e+01 2.620000000000000000e+02 2.287457968594334146e-01 0.000000000000000000e+00 7.051999999999999380e-01
-1.155481719309999846e+02 3.241809451120000318e+01 2.630000000000000000e+02 2.419527891653144025e-01 0.000000000000000000e+00 7.320999999999999730e-01
-1.155481719309999846e+02 3.242709451120000352e+01 2.640000000000000000e+02 2.837272376472793067e-01 0.000000000000000000e+00 7.105000000000000204e-01
-1.155481719309999846e+02 3.243609451120000386e+01 2.650000000000000000e+02 1.500729740302895188e-01 0.000000000000000000e+00 7.641000000000000014e-01
-1.155481719309999846e+02 3.244509451120000421e+01 2.660000000000000000e+02 2.495512597950024225e-01 0.000000000000000000e+00 8.971999999999999975e-01
-1.155481719309999846e+02 3.245409451120000455e+01 2.670000000000000000e+02 3.409330179286824136e-01 0.000000000000000000e+00 8.759500000000000064e-01
-1.155481719309999846e+02 3.246309451120000489e+01 2.680000000000000000e+02 3.744786139310564144e-01 0.000000000000000000e+00 1.019000000000000128e+00
-1.155481719309999846e+02 3.247209451120000523e+01 2.690000000000000000e+02 4.300382998319828287e-01 2.000000000000000000e+00 1.032000000000000028e+00
-1.155481719309999846e+02 3.248109451120000557e+01 2.700000000000000000e+02 4.560689249162301340e-01 0.000000000000000000e+00 1.042000000000000037e+00
-1.155481719309999846e+02 3.249009451120000591e+01 2.710000000000000000e+02 6.293403403623497594e-01 0.000000000000000000e+00 1.042000000000000037e+00
-1.155481719309999846e+02 3.249909451120000625e+01 2.720000000000000000e+02 6.996605816008347745e-01 1.000000000000000000e+00 1.010999999999999899e+00
-1.155391719309999985e+02 3.234609451120000045e+01 2.730000000000000000e+02 6.782798584749766269e-01 1.000000000000000000e+00 5.404999999999999805e-01
-1.155391719309999985e+02 3.235509451120000080e+01 2.740000000000000000e+02 7.230442275763048210e-01 1.000000000000000000e+00 5.795000000000000151e-01
-1.155391719309999985e+02 3.236409451120000114e+01 2.750000000000000000e+02 7.752661284795737684e-01 1.000000000000000000e+00 6.078999999999999959e-01
-1.155391719309999985e+02 3.237309451120000148e+01 2.760000000000000000e+02 7.842514986471478267e-01 1.000000000000000000e+00 6.390000000000000124e-01
-1.155391719309999985e+02 3.238209451120000182e+01 2.770000000000000000e+02 6.861289081229969833e-01 1.000000000000000000e+00 6.606000000000000760e-01
-1.155391719309999985e+02 3.239109451120000216e+01 2.780000000000000000e+02 4.853536094078195196e-01 2.000000000000000000e+00 6.592000000000000082e-01
-1.155391719309999985e+02 3.240009451120000250e+01 2.790000000000000000e+02 4.794043621874637395e-01 0.000000000000000000e+00 6.733000000000000096e-01
-1.155391719309999985e+02 3.240909451120000284e+01 2.800000000000000000e+02 2.034348621421360748e-01 0.000000000000000000e+00 7.093000000000000416e-01
-1.155391719309999985e+02 3.241809451120000318e+01 2.810000000000000000e+02 2.161179384575799278e-01 0.000000000000000000e+00 7.206999999999998963e-01
-1.155391719309999985e+02 3.242709451120000352e+01 2.820000000000000000e+02 1.134844944336342032e-01 0.000000000000000000e+00 7.547000000000000375e-01
-1.155391719309999985e+02 3.243609451120000386e+01 2.830000000000000000e+02 2.061365145397387744e-01 0.000000000000000000e+00 7.378000000000000114e-01
-1.155391719309999985e+02 3.244509451120000421e+01 2.840000000000000000e+02 3.549524375861805026e-01 2.000000000000000000e+00 8.264000000000000234e-01
-1.155391719309999985e+02 3.245409451120000455e+01 2.850000000000000000e+02 3.399632292646732612e-01 0.000000000000000000e+00 9.836000000000000298e-01
-1.155391719309999985e+02 3.246309451120000489e+01 2.860000000000000000e+02 2.720105765997162806e-01 0.000000000000000000e+00 9.945000000000000506e-01
-1.155391719309999985e+02 3.247209451120000523e+01 2.870000000000000000e+02 4.623436407505466805e-01 2.000000000000000000e+00 1.038000000000000034e+00
-1.155391719309999985e+02 3.248109451120000557e+01 2.880000000000000000e+02 6.140905209757269168e-01 0.000000000000000000e+00 1.052999999999999936e+00
-1.155391719309999985e+02 3.249009451120000591e+01 2.890000000000000000e+02 6.305216847212129494e-01 0.000000000000000000e+00 1.034999999999999920e+00
-1.155391719309999985e+02 3.249909451120000625e+01 2.900000000000000000e+02 6.606550584754108391e-01 1.000000000000000000e+00 9.923999999999999488e-01
-1.155301719309999839e+02 3.233709451120000011e+01 2.910000000000000000e+02 6.777629368346591576e-01 1.000000000000000000e+00 5.229000000000000314e-01
-1.155301719309999839e+02 3.234609451120000045e+01 2.920000000000000000e+02 6.761390781253483473e-01 1.000000000000000000e+00 5.604499999999998927e-01
-1.155301719309999839e+02 3.235509451120000080e+01 2.930000000000000000e+02 6.839180950330876474e-01 1.000000000000000000e+00 5.971999999999999531e-01
-1.155301719309999839e+02 3.236409451120000114e+01 2.940000000000000000e+02 6.396114570891544560e-01 1.000000000000000000e+00 6.147000000000000242e-01
-1.155301719309999839e+02 3.237309451120000148e+01 2.950000000000000000e+02 5.444042519878302677e-01 2.000000000000000000e+00 6.451000000000000068e-01
-1.155301719309999839e+02 3.238209451120000182e+01 2.960000000000000000e+02 4.293511760417418333e-01 2.000000000000000000e+00 6.620999999999999108e-01
-1.155301719309999839e+02 3.239109451120000216e+01 2.970000000000000000e+02 3.136765222523115182e-01 0.000000000000000000e+00 6.512999999999999901e-01
-1.155301719309999839e+02 3.240009451120000250e+01 2.980000000000000000e+02 2.950055621623305924e-01 0.000000000000000000e+00 7.127999999999999892e-01
-1.155301719309999839e+02 3.240909451120000284e+01 2.990000000000000000e+02 2.624729737458385004e-01 0.000000000000000000e+00 7.298999999999999932e-01
-1.155301719309999839e+02 3.241809451120000318e+01 3.000000000000000000e+02 1.352103363260995783e-01 0.000000000000000000e+00 7.412999999999999590e-01
-1.155301719309999839e+02 3.242709451120000352e+01 3.010000000000000000e+02 2.234399291955421474e-01 0.000000000000000000e+00 8.946999999999999398e-01
-1.155301719309999839e+02 3.243609451120000386e+01 3.020000000000000000e+02 3.126178436803951910e-01 0.000000000000000000e+00 8.871999999999999886e-01
-1.155301719309999839e+02 3.244509451120000421e+01 3.030000000000000000e+02 3.591872452898792201e-01 2.000000000000000000e+00 9.337999999999999634e-01
-1.155301719309999839e+02 3.245409451120000455e+01 3.040000000000000000e+02 2.194429537858126888e-01 0.000000000000000000e+00 1.038000000000000034e+00
-1.155301719309999839e+02 3.246309451120000489e+01 3.050000000000000000e+02 3.568862295254498496e-01 0.000000000000000000e+00 9.699999999999999734e-01
-1.155301719309999839e+02 3.247209451120000523e+01 3.060000000000000000e+02 5.296152324529602717e-01 0.000000000000000000e+00 1.059000000000000163e+00
-1.155301719309999839e+02 3.248109451120000557e+01 3.070000000000000000e+02 4.769132176928255196e-01 2.000000000000000000e+00 1.052999999999999936e+00
-1.155301719309999839e+02 3.249009451120000591e+01 3.080000000000000000e+02 6.315439948079361043e-01 0.000000000000000000e+00 1.014999999999999902e+00
-1.155301719309999839e+02 3.249909451120000625e+01 3.090000000000000000e+02 6.949544643234311092e-01 1.000000000000000000e+00 9.697999999999999954e-01
-1.155211719309999978e+02 3.233709451120000011e+01 3.100000000000000000e+02 6.788307845309791144e-01 1.000000000000000000e+00 5.543500000000001204e-01
-1.155211719309999978e+02 3.234609451120000045e+01 3.110000000000000000e+02 6.764320061094899472e-01 1.000000000000000000e+00 5.953749999999999876e-01
-1.155211719309999978e+02 3.235509451120000080e+01 3.120000000000000000e+02 6.345644007857291768e-01 2.000000000000000000e+00 6.276500000000000412e-01
-1.155211719309999978e+02 3.236409451120000114e+01 3.130000000000000000e+02 3.985682059913493447e-01 0.000000000000000000e+00 6.530000000000000249e-01
-1.155211719309999978e+02 3.237309451120000148e+01 3.140000000000000000e+02 3.409636355917341488e-01 0.000000000000000000e+00 6.801500000000000323e-01
-1.155211719309999978e+02 3.238209451120000182e+01 3.150000000000000000e+02 2.519367681616283550e-01 0.000000000000000000e+00 6.554499999999998661e-01
-1.155211719309999978e+02 3.239109451120000216e+01 3.160000000000000000e+02 3.170687280355451998e-01 0.000000000000000000e+00 6.934499999999998998e-01
-1.155211719309999978e+02 3.240009451120000250e+01 3.170000000000000000e+02 1.714048520363946615e-01 0.000000000000000000e+00 8.021000000000000352e-01
-1.155211719309999978e+02 3.240909451120000284e+01 3.180000000000000000e+02 2.316727098908670235e-01 0.000000000000000000e+00 8.070000000000000506e-01
-1.155211719309999978e+02 3.241809451120000318e+01 3.190000000000000000e+02 2.970347458277171060e-01 0.000000000000000000e+00 8.855500000000000593e-01
-1.155211719309999978e+02 3.242709451120000352e+01 3.200000000000000000e+02 3.548127516669559722e-01 0.000000000000000000e+00 9.419500000000000650e-01
-1.155211719309999978e+02 3.243609451120000386e+01 3.210000000000000000e+02 2.578654882394207926e-01 0.000000000000000000e+00 9.635000000000000231e-01
-1.155211719309999978e+02 3.244509451120000421e+01 3.220000000000000000e+02 3.879455510466975898e-01 0.000000000000000000e+00 1.034000000000000030e+00
-1.155211719309999978e+02 3.245409451120000455e+01 3.230000000000000000e+02 4.420266097048714538e-01 2.000000000000000000e+00 1.065000000000000169e+00
-1.155211719309999978e+02 3.246309451120000489e+01 3.240000000000000000e+02 3.888697545577861070e-01 2.000000000000000000e+00 1.062999999999999945e+00
-1.155211719309999978e+02 3.247209451120000523e+01 3.250000000000000000e+02 4.323181373453953702e-01 2.000000000000000000e+00 1.058499999999999996e+00
-1.155211719309999978e+02 3.248109451120000557e+01 3.260000000000000000e+02 4.990298942280573247e-01 2.000000000000000000e+00 1.024499999999999966e+00
-1.155211719309999978e+02 3.249009451120000591e+01 3.270000000000000000e+02 6.540308885902897940e-01 1.000000000000000000e+00 9.799999999999999822e-01
-1.155211719309999978e+02 3.249909451120000625e+01 3.280000000000000000e+02 7.858653378507405307e-01 1.000000000000000000e+00 9.225999999999999757e-01
-1.155121719309999833e+02 3.233709451120000011e+01 3.290000000000000000e+02 7.108913999728940780e-01 1.000000000000000000e+00 5.867999999999999883e-01
-1.155121719309999833e+02 3.234609451120000045e+01 3.300000000000000000e+02 6.780779997955092009e-01 1.000000000000000000e+00 6.243499999999999606e-01
-1.155121719309999833e+02 3.235509451120000080e+01 3.310000000000000000e+02 5.374304901356212749e-01 0.000000000000000000e+00 6.543999999999999817e-01
-1.155121719309999833e+02 3.236409451120000114e+01 3.320000000000000000e+02 4.874935730783489518e-01 2.000000000000000000e+00 7.106999999999998874e-01
-1.155121719309999833e+02 3.237309451120000148e+01 3.330000000000000000e+02 5.844326628238034615e-01 2.000000000000000000e+00 7.073999999999999178e-01
-1.155121719309999833e+02 3.238209451120000182e+01 3.340000000000000000e+02 2.666691938002554996e-01 0.000000000000000000e+00 6.868000000000000771e-01
-1.155121719309999833e+02 3.239109451120000216e+01 3.350000000000000000e+02 2.304116786969363229e-01 0.000000000000000000e+00 7.612999999999999767e-01
-1.155121719309999833e+02 3.240009451120000250e+01 3.360000000000000000e+02 2.597573377881339796e-01 0.000000000000000000e+00 8.460999999999999632e-01
-1.155121719309999833e+02 3.240909451120000284e+01 3.370000000000000000e+02 3.072926285186751705e-01 0.000000000000000000e+00 8.448999999999999844e-01
-1.155121719309999833e+02 3.241809451120000318e+01 3.380000000000000000e+02 3.150264132451228716e-01 0.000000000000000000e+00 9.326999999999999735e-01
-1.155121719309999833e+02 3.242709451120000352e+01 3.390000000000000000e+02 2.852434510244488131e-01 0.000000000000000000e+00 9.712000000000000632e-01
-1.155121719309999833e+02 3.243609451120000386e+01 3.400000000000000000e+02 2.698926084460755437e-01 0.000000000000000000e+00 9.484000000000000208e-01
-1.155121719309999833e+02 3.244509451120000421e+01 3.410000000000000000e+02 5.495387364612794867e-01 0.000000000000000000e+00 1.020000000000000018e+00
-1.155121719309999833e+02 3.245409451120000455e+01 3.420000000000000000e+02 4.392823590794464050e-01 2.000000000000000000e+00 1.092000000000000082e+00
-1.155121719309999833e+02 3.246309451120000489e+01 3.430000000000000000e+02 3.578469096315223807e-01 2.000000000000000000e+00 1.064000000000000057e+00
-1.155121719309999833e+02 3.247209451120000523e+01 3.440000000000000000e+02 6.300016079318275786e-01 0.000000000000000000e+00 1.036000000000000032e+00
-1.155121719309999833e+02 3.248109451120000557e+01 3.450000000000000000e+02 6.247942171716247550e-01 2.000000000000000000e+00 9.873999999999999444e-01
-1.155121719309999833e+02 3.249009451120000591e+01 3.460000000000000000e+02 7.892821143384854965e-01 1.000000000000000000e+00 9.351999999999999202e-01
-1.155031719309999971e+02 3.233709451120000011e+01 3.470000000000000000e+02 6.378518970105967467e-01 2.000000000000000000e+00 6.103000000000000647e-01
-1.155031719309999971e+02 3.234609451120000045e+01 3.480000000000000000e+02 6.823397189439882604e-01 1.000000000000000000e+00 6.453499999999998682e-01
-1.155031719309999971e+02 3.235509451120000080e+01 3.490000000000000000e+02 4.500174540542629664e-01 0.000000000000000000e+00 6.995999999999998886e-01
-1.155031719309999971e+02 3.236409451120000114e+01 3.500000000000000000e+02 4.289741704127271738e-01 2.000000000000000000e+00 7.308999999999999941e-01
-1.155031719309999971e+02 3.237309451120000148e+01 3.510000000000000000e+02 4.870520692650333605e-01 2.000000000000000000e+00 6.805999999999999828e-01
-1.155031719309999971e+02 3.238209451120000182e+01 3.520000000000000000e+02 2.536604013799492185e-01 0.000000000000000000e+00 7.208999999999999853e-01
-1.155031719309999971e+02 3.239109451120000216e+01 3.530000000000000000e+02 1.701267925411688309e-01 0.000000000000000000e+00 8.488999999999999879e-01
-1.155031719309999971e+02 3.240009451120000250e+01 3.540000000000000000e+02 2.825152305001800146e-01 0.000000000000000000e+00 8.359000000000000874e-01
-1.155031719309999971e+02 3.240909451120000284e+01 3.550000000000000000e+02 2.855734970118426475e-01 0.000000000000000000e+00 8.837999999999999190e-01
-1.155031719309999971e+02 3.241809451120000318e+01 3.560000000000000000e+02 1.943384854257662886e-01 0.000000000000000000e+00 9.829000000000001069e-01
-1.155031719309999971e+02 3.242709451120000352e+01 3.570000000000000000e+02 1.653592831192591261e-01 0.000000000000000000e+00 9.512000000000000455e-01
-1.155031719309999971e+02 3.243609451120000386e+01 3.580000000000000000e+02 2.884199888537152257e-01 0.000000000000000000e+00 9.712999999999999412e-01
-1.155031719309999971e+02 3.244509451120000421e+01 3.590000000000000000e+02 5.704133162046678418e-01 0.000000000000000000e+00 1.085999999999999854e+00
-1.155031719309999971e+02 3.245409451120000455e+01 3.600000000000000000e+02 5.948351984079378596e-01 2.000000000000000000e+00 1.100000000000000089e+00
-1.155031719309999971e+02 3.246309451120000489e+01 3.610000000000000000e+02 5.794085658678792550e-01 0.000000000000000000e+00 1.058000000000000052e+00
-1.155031719309999971e+02 3.247209451120000523e+01 3.620000000000000000e+02 6.570970660133959029e-01 1.000000000000000000e+00 1.012000000000000011e+00
-1.155031719309999971e+02 3.248109451120000557e+01 3.630000000000000000e+02 7.650316931169683921e-01 1.000000000000000000e+00 9.631999999999999451e-01
-1.154941719309999826e+02 3.233709451120000011e+01 3.640000000000000000e+02 5.686746339807720041e-01 2.000000000000000000e+00 6.122999999999999554e-01
-1.154941719309999826e+02 3.234609451120000045e+01 3.650000000000000000e+02 6.376189786171548857e-01 2.000000000000000000e+00 6.765000000000001013e-01
-1.154941719309999826e+02 3.235509451120000080e+01 3.660000000000000000e+02 3.513496216143526252e-01 0.000000000000000000e+00 7.317000000000000171e-01
-1.154941719309999826e+02 3.236409451120000114e+01 3.670000000000000000e+02 4.144802878608968566e-01 2.000000000000000000e+00 6.944000000000000172e-01
-1.154941719309999826e+02 3.237309451120000148e+01 3.680000000000000000e+02 2.107972498893953273e-01 0.000000000000000000e+00 7.145999999999999019e-01
-1.154941719309999826e+02 3.238209451120000182e+01 3.690000000000000000e+02 1.954928548794847842e-01 0.000000000000000000e+00 7.756999999999999451e-01
-1.154941719309999826e+02 3.239109451120000216e+01 3.700000000000000000e+02 2.256258251774122814e-01 0.000000000000000000e+00 9.109999999999999210e-01
-1.154941719309999826e+02 3.240009451120000250e+01 3.710000000000000000e+02 2.679465215715538529e-01 0.000000000000000000e+00 9.549999999999999600e-01
-1.154941719309999826e+02 3.240909451120000284e+01 3.720000000000000000e+02 2.132163818045019754e-01 0.000000000000000000e+00 9.837000000000000188e-01
-1.154941719309999826e+02 3.241809451120000318e+01 3.730000000000000000e+02 2.104395440220229452e-01 0.000000000000000000e+00 9.581999999999999407e-01
-1.154941719309999826e+02 3.242709451120000352e+01 3.740000000000000000e+02 2.899992759699311362e-01 0.000000000000000000e+00 9.764000000000000457e-01
-1.154941719309999826e+02 3.243609451120000386e+01 3.750000000000000000e+02 4.222926810181091839e-01 2.000000000000000000e+00 1.054999999999999938e+00
-1.154941719309999826e+02 3.244509451120000421e+01 3.760000000000000000e+02 4.669776506751361356e-01 2.000000000000000000e+00 1.117999999999999883e+00
-1.154941719309999826e+02 3.245409451120000455e+01 3.770000000000000000e+02 4.338026323649665228e-01 2.000000000000000000e+00 1.096999999999999975e+00
-1.154941719309999826e+02 3.246309451120000489e+01 3.780000000000000000e+02 6.283930743215184744e-01 0.000000000000000000e+00 1.039000000000000146e+00
-1.154941719309999826e+02 3.247209451120000523e+01 3.790000000000000000e+02 7.328051430729634053e-01 1.000000000000000000e+00 9.854999999999999316e-01
-1.154851719309999964e+02 3.232809451119999977e+01 3.800000000000000000e+02 7.146642700330184672e-01 1.000000000000000000e+00 6.300000000000000044e-01
-1.154851719309999964e+02 3.233709451120000011e+01 3.810000000000000000e+02 5.952282505033191784e-01 2.000000000000000000e+00 6.637000000000000677e-01
-1.154851719309999964e+02 3.234609451120000045e+01 3.820000000000000000e+02 5.955372665742859617e-01 2.000000000000000000e+00 7.034000000000000252e-01
-1.154851719309999964e+02 3.235509451120000080e+01 3.830000000000000000e+02 4.319445135893588694e-01 2.000000000000000000e+00 6.743999999999999995e-01
-1.154851719309999964e+02 3.236409451120000114e+01 3.840000000000000000e+02 3.809203206340314729e-01 0.000000000000000000e+00 7.076000000000000068e-01
-1.154851719309999964e+02 3.237309451120000148e+01 3.850000000000000000e+02 8.725812714376786350e-02 0.000000000000000000e+00 7.530000000000000027e-01
-1.154851719309999964e+02 3.238209451120000182e+01 3.860000000000000000e+02 2.141267103322940513e-01 0.000000000000000000e+00 8.548999999999999932e-01
-1.154851719309999964e+02 3.239109451120000216e+01 3.870000000000000000e+02 2.974508408931134662e-01 0.000000000000000000e+00 9.490999999999999437e-01
-1.154851719309999964e+02 3.240009451120000250e+01 3.880000000000000000e+02 1.241621945441449132e-01 0.000000000000000000e+00 9.821999999999999620e-01
-1.154851719309999964e+02 3.240909451120000284e+01 3.890000000000000000e+02 2.081422845557072687e-01 0.000000000000000000e+00 9.930999999999999828e-01
-1.154851719309999964e+02 3.241809451120000318e+01 3.900000000000000000e+02 2.757579435563594639e-01 0.000000000000000000e+00 1.012999999999999901e+00
-1.154851719309999964e+02 3.242709451120000352e+01 3.910000000000000000e+02 4.227312409857449937e-01 2.000000000000000000e+00 1.030999999999999917e+00
-1.154851719309999964e+02 3.243609451120000386e+01 3.920000000000000000e+02 4.995759625628225509e-01 0.000000000000000000e+00 1.125000000000000000e+00
-1.154851719309999964e+02 3.244509451120000421e+01 3.930000000000000000e+02 4.320351382418239350e-01 2.000000000000000000e+00 1.127999999999999892e+00
-1.154851719309999964e+02 3.245409451120000455e+01 3.940000000000000000e+02 6.085804376893761969e-01 0.000000000000000000e+00 1.082999999999999963e+00
-1.154851719309999964e+02 3.246309451120000489e+01 3.950000000000000000e+02 7.733541212872558912e-01 1.000000000000000000e+00 1.004999999999999893e+00
-1.154761719309999819e+02 3.231909451119999943e+01 3.960000000000000000e+02 7.889278687738642271e-01 1.000000000000000000e+00 6.208000000000000185e-01
-1.154761719309999819e+02 3.232809451119999977e+01 3.970000000000000000e+02 7.603075824539213823e-01 1.000000000000000000e+00 6.542000000000000037e-01
-1.154761719309999819e+02 3.233709451120000011e+01 3.980000000000000000e+02 5.159225719400353238e-01 2.000000000000000000e+00 6.831000000000000405e-01
-1.154761719309999819e+02 3.234609451120000045e+01 3.990000000000000000e+02 5.360138421725133551e-01 2.000000000000000000e+00 6.831000000000000405e-01
-1.154761719309999819e+02 3.235509451120000080e+01 4.000000000000000000e+02 3.266456197114316895e-01 2.000000000000000000e+00 6.998999999999999666e-01
-1.154761719309999819e+02 3.236409451120000114e+01 4.010000000000000000e+02 1.866544198937675203e-01 0.000000000000000000e+00 7.421999999999999709e-01
-1.154761719309999819e+02 3.237309451120000148e+01 4.020000000000000000e+02 1.060630029681112890e-01 0.000000000000000000e+00 8.545999999999999153e-01
-1.154761719309999819e+02 3.238209451120000182e+01 4.030000000000000000e+02 3.073461462268329281e-01 0.000000000000000000e+00 9.194999999999999840e-01
-1.154761719309999819e+02 3.239109451120000216e+01 4.040000000000000000e+02 1.674641494990330159e-01 0.000000000000000000e+00 9.072999999999999954e-01
-1.154761719309999819e+02 3.240009451120000250e+01 4.050000000000000000e+02 1.149606328205236144e-01 0.000000000000000000e+00 1.009000000000000119e+00
-1.154761719309999819e+02 3.240909451120000284e+01 4.060000000000000000e+02 1.289323253159395943e-01 0.000000000000000000e+00 1.090999999999999970e+00
-1.154761719309999819e+02 3.241809451120000318e+01 4.070000000000000000e+02 1.231972163945639076e-01 0.000000000000000000e+00 1.062999999999999945e+00
-1.154761719309999819e+02 3.242709451120000352e+01 4.080000000000000000e+02 4.418891755144485067e-01 2.000000000000000000e+00 1.100999999999999979e+00
-1.154761719309999819e+02 3.243609451120000386e+01 4.090000000000000000e+02 6.028211916998852393e-01 0.000000000000000000e+00 1.143000000000000016e+00
-1.154761719309999819e+02 3.244509451120000421e+01 4.100000000000000000e+02 6.502382014308587532e-01 1.000000000000000000e+00 1.124000000000000110e+00
-1.154761719309999819e+02 3.245409451120000455e+01 4.110000000000000000e+02 7.609892285973892667e-01 1.000000000000000000e+00 1.058499999999999996e+00
-1.154671719309999958e+02 3.231009451119999909e+01 4.120000000000000000e+02 nan nan 4.876237213609999621e-01
-1.154671719309999958e+02 3.231909451119999943e+01 4.130000000000000000e+02 7.561394329638897460e-01 1.000000000000000000e+00 6.487999999999999323e-01
-1.154671719309999958e+02 3.232809451119999977e+01 4.140000000000000000e+02 6.656896284565996247e-01 1.000000000000000000e+00 6.806999999999999718e-01
-1.154671719309999958e+02 3.233709451120000011e+01 4.150000000000000000e+02 5.810521841307668689e-01 2.000000000000000000e+00 7.038999999999999702e-01
-1.154671719309999958e+02 3.234609451120000045e+01 4.160000000000000000e+02 3.923306304844851877e-01 2.000000000000000000e+00 6.858500000000000707e-01
-1.154671719309999958e+02 3.235509451120000080e+01 4.170000000000000000e+02 9.504453047075581140e-02 0.000000000000000000e+00 7.343000000000000638e-01
-1.154671719309999958e+02 3.236409451120000114e+01 4.180000000000000000e+02 1.218034841564181875e-01 0.000000000000000000e+00 8.549999999999999822e-01
-1.154671719309999958e+02 3.237309451120000148e+01 4.190000000000000000e+02 2.698477498445567835e-01 0.000000000000000000e+00 8.187000000000000943e-01
-1.154671719309999958e+02 3.238209451120000182e+01 4.200000000000000000e+02 2.440872234973225641e-01 0.000000000000000000e+00 9.773000000000000576e-01
-1.154671719309999958e+02 3.239109451120000216e+01 4.210000000000000000e+02 2.995181214135205217e-01 0.000000000000000000e+00 9.687000000000000055e-01
-1.154671719309999958e+02 3.240009451120000250e+01 4.220000000000000000e+02 3.170174459819327661e-01 0.000000000000000000e+00 1.006000000000000005e+00
-1.154671719309999958e+02 3.240909451120000284e+01 4.230000000000000000e+02 2.653462679637615951e-01 0.000000000000000000e+00 1.028000000000000025e+00
-1.154671719309999958e+02 3.241809451120000318e+01 4.240000000000000000e+02 5.298080632656636535e-01 2.000000000000000000e+00 1.072999999999999954e+00
-1.154671719309999958e+02 3.242709451120000352e+01 4.250000000000000000e+02 6.468745331379703867e-01 1.000000000000000000e+00 1.149999999999999911e+00
-1.154671719309999958e+02 3.243609451120000386e+01 4.260000000000000000e+02 4.957618469537378725e-01 0.000000000000000000e+00 1.144000000000000128e+00
-1.154671719309999958e+02 3.244509451120000421e+01 4.270000000000000000e+02 6.943588337834138979e-01 1.000000000000000000e+00 1.108999999999999986e+00
-1.154581719309999812e+02 3.231009451119999909e+01 4.280000000000000000e+02 nan nan 5.038932263850000037e-01
-1.154581719309999812e+02 3.231909451119999943e+01 4.290000000000000000e+02 6.103576538656880768e-01 0.000000000000000000e+00 6.754000000000001114e-01
-1.154581719309999812e+02 3.232809451119999977e+01 4.300000000000000000e+02 5.768996545752773653e-01 2.000000000000000000e+00 7.018999999999999684e-01
-1.154581719309999812e+02 3.233709451120000011e+01 4.310000000000000000e+02 5.689210600236492832e-01 0.000000000000000000e+00 6.929000000000000714e-01
-1.154581719309999812e+02 3.234609451120000045e+01 4.320000000000000000e+02 1.694989566008464899e-01 0.000000000000000000e+00 7.040500000000000647e-01
-1.154581719309999812e+02 3.235509451120000080e+01 4.330000000000000000e+02 9.733558552247154050e-02 0.000000000000000000e+00 8.504999999999999227e-01
-1.154581719309999812e+02 3.236409451120000114e+01 4.340000000000000000e+02 3.144846574588929800e-01 0.000000000000000000e+00 8.362999999999999323e-01
-1.154581719309999812e+02 3.237309451120000148e+01 4.350000000000000000e+02 2.331187521637069493e-01 0.000000000000000000e+00 9.279000000000000581e-01
-1.154581719309999812e+02 3.238209451120000182e+01 4.360000000000000000e+02 1.332194955524304003e-01 0.000000000000000000e+00 9.057999999999999385e-01
-1.154581719309999812e+02 3.239109451120000216e+01 4.370000000000000000e+02 1.128087185245067736e-01 0.000000000000000000e+00 9.817000000000000171e-01
-1.154581719309999812e+02 3.240009451120000250e+01 4.380000000000000000e+02 1.213676920146871951e-01 0.000000000000000000e+00 1.009000000000000119e+00
-1.154581719309999812e+02 3.240909451120000284e+01 4.390000000000000000e+02 3.571500600250051560e-01 2.000000000000000000e+00 1.030999999999999917e+00
-1.154581719309999812e+02 3.241809451120000318e+01 4.400000000000000000e+02 4.278744920314934141e-01 0.000000000000000000e+00 1.124000000000000110e+00
-1.154581719309999812e+02 3.242709451120000352e+01 4.410000000000000000e+02 4.600578047231202450e-01 0.000000000000000000e+00 1.161999999999999922e+00
-1.154581719309999812e+02 3.243609451120000386e+01 4.420000000000000000e+02 7.106112635432426661e-01 1.000000000000000000e+00 1.133000000000000007e+00
-1.154491719309999951e+02 3.231009451119999909e+01 4.430000000000000000e+02 nan nan 5.201627314090000453e-01
-1.154491719309999951e+02 3.231909451119999943e+01 4.440000000000000000e+02 6.585180749015716595e-01 1.000000000000000000e+00 7.038999999999999702e-01
-1.154491719309999951e+02 3.232809451119999977e+01 4.450000000000000000e+02 4.827828628854395898e-01 2.000000000000000000e+00 7.097999999999999865e-01
-1.154491719309999951e+02 3.233709451120000011e+01 4.460000000000000000e+02 2.581158890219852897e-01 0.000000000000000000e+00 6.729999999999999316e-01
-1.154491719309999951e+02 3.234609451120000045e+01 4.470000000000000000e+02 2.407660282460044321e-01 0.000000000000000000e+00 7.757499999999999396e-01
-1.154491719309999951e+02 3.235509451120000080e+01 4.480000000000000000e+02 2.918823332252686864e-01 0.000000000000000000e+00 8.034000000000000030e-01
-1.154491719309999951e+02 3.236409451120000114e+01 4.490000000000000000e+02 2.063222513210759557e-01 0.000000000000000000e+00 8.684999999999999387e-01
-1.154491719309999951e+02 3.237309451120000148e+01 4.500000000000000000e+02 1.036027958909754021e-01 0.000000000000000000e+00 9.279000000000000581e-01
-1.154491719309999951e+02 3.238209451120000182e+01 4.510000000000000000e+02 1.010545364769158405e-01 0.000000000000000000e+00 9.773999999999999355e-01
-1.154491719309999951e+02 3.239109451120000216e+01 4.520000000000000000e+02 2.371187613389334758e-01 0.000000000000000000e+00 1.009000000000000119e+00
-1.154491719309999951e+02 3.240009451120000250e+01 4.530000000000000000e+02 3.403647370563723795e-01 0.000000000000000000e+00 1.030000000000000027e+00
-1.154491719309999951e+02 3.240909451120000284e+01 4.540000000000000000e+02 5.260595066720160640e-01 0.000000000000000000e+00 1.110000000000000098e+00
-1.154491719309999951e+02 3.241809451120000318e+01 4.550000000000000000e+02 3.112200063012809381e-01 0.000000000000000000e+00 1.174000000000000155e+00
-1.154491719309999951e+02 3.242709451120000352e+01 4.560000000000000000e+02 6.419756012150442670e-01 1.000000000000000000e+00 1.153000000000000025e+00
-1.154491719309999951e+02 3.243609451120000386e+01 4.570000000000000000e+02 7.632344383079053829e-01 1.000000000000000000e+00 1.114000000000000101e+00
-1.154401719309999805e+02 3.231909451119999943e+01 4.580000000000000000e+02 6.263282510349862386e-01 1.000000000000000000e+00 7.290000000000000924e-01
-1.154401719309999805e+02 3.232809451119999977e+01 4.590000000000000000e+02 3.736551586803175118e-01 0.000000000000000000e+00 6.629999999999999227e-01
-1.154401719309999805e+02 3.233709451120000011e+01 4.600000000000000000e+02 2.288931453426775731e-01 0.000000000000000000e+00 7.056999999999998829e-01
-1.154401719309999805e+02 3.234609451120000045e+01 4.610000000000000000e+02 3.057724317329991726e-01 0.000000000000000000e+00 7.974000000000001087e-01
-1.154401719309999805e+02 3.235509451120000080e+01 4.620000000000000000e+02 2.274517311095716476e-01 0.000000000000000000e+00 8.365000000000000213e-01
-1.154401719309999805e+02 3.236409451120000114e+01 4.630000000000000000e+02 2.512642533044616711e-01 0.000000000000000000e+00 9.823999999999999400e-01
-1.154401719309999805e+02 3.237309451120000148e+01 4.640000000000000000e+02 1.013846040026591955e-01 0.000000000000000000e+00 9.698999999999999844e-01
-1.154401719309999805e+02 3.238209451120000182e+01 4.650000000000000000e+02 1.115582706317425898e-01 0.000000000000000000e+00 1.007000000000000117e+00
-1.154401719309999805e+02 3.239109451120000216e+01 4.660000000000000000e+02 1.950404474942819266e-01 0.000000000000000000e+00 1.054999999999999938e+00
-1.154401719309999805e+02 3.240009451120000250e+01 4.670000000000000000e+02 5.151635877158824428e-01 0.000000000000000000e+00 1.134000000000000119e+00
-1.154401719309999805e+02 3.240909451120000284e+01 4.680000000000000000e+02 5.699566615049965757e-01 2.000000000000000000e+00 1.184000000000000163e+00
-1.154401719309999805e+02 3.241809451120000318e+01 4.690000000000000000e+02 5.077466060330656505e-01 0.000000000000000000e+00 1.171999999999999931e+00
-1.154401719309999805e+02 3.242709451120000352e+01 4.700000000000000000e+02 6.664660930915736747e-01 1.000000000000000000e+00 1.137999999999999901e+00
-1.154311719309999944e+02 3.231909451119999943e+01 4.710000000000000000e+02 7.222215340831005248e-01 1.000000000000000000e+00 7.523999999999999577e-01
-1.154311719309999944e+02 3.232809451119999977e+01 4.720000000000000000e+02 3.216387353443952990e-01 0.000000000000000000e+00 7.116999999999999993e-01
-1.154311719309999944e+02 3.233709451120000011e+01 4.730000000000000000e+02 2.639145600879658216e-01 0.000000000000000000e+00 7.389000000000000012e-01
-1.154311719309999944e+02 3.234609451120000045e+01 4.740000000000000000e+02 1.805342965678339573e-01 0.000000000000000000e+00 8.400000000000000799e-01
-1.154311719309999944e+02 3.235509451120000080e+01 4.750000000000000000e+02 1.993748479956034547e-01 0.000000000000000000e+00 9.795000000000000373e-01
-1.154311719309999944e+02 3.236409451120000114e+01 4.760000000000000000e+02 1.141811589134347910e-01 0.000000000000000000e+00 8.967000000000000526e-01
-1.154311719309999944e+02 3.237309451120000148e+01 4.770000000000000000e+02 1.367710482415272211e-01 0.000000000000000000e+00 1.002999999999999892e+00
-1.154311719309999944e+02 3.238209451120000182e+01 4.780000000000000000e+02 2.741947778115281231e-01 0.000000000000000000e+00 1.052999999999999936e+00
-1.154311719309999944e+02 3.239109451120000216e+01 4.790000000000000000e+02 4.802793035271213373e-01 0.000000000000000000e+00 1.088000000000000078e+00
-1.154311719309999944e+02 3.240009451120000250e+01 4.800000000000000000e+02 5.696115526267295781e-01 2.000000000000000000e+00 1.183000000000000052e+00
-1.154311719309999944e+02 3.240909451120000284e+01 4.810000000000000000e+02 7.157921279898182831e-01 1.000000000000000000e+00 1.184000000000000163e+00
-1.154311719309999944e+02 3.241809451120000318e+01 4.820000000000000000e+02 7.326860687245897452e-01 1.000000000000000000e+00 1.155000000000000027e+00
-1.154311719309999944e+02 3.242709451120000352e+01 4.830000000000000000e+02 6.932625588099735614e-01 1.000000000000000000e+00 1.110000000000000098e+00
-1.154221719309999798e+02 3.231909451119999943e+01 4.840000000000000000e+02 nan nan 5.953288078305000175e-01
-1.154221719309999798e+02 3.232809451119999977e+01 4.850000000000000000e+02 2.794201622067530311e-01 0.000000000000000000e+00 8.170999999999999375e-01
-1.154221719309999798e+02 3.233709451120000011e+01 4.860000000000000000e+02 2.300087850393298938e-01 0.000000000000000000e+00 7.722999999999999865e-01
-1.154221719309999798e+02 3.234609451120000045e+01 4.870000000000000000e+02 1.017039956122276073e-01 0.000000000000000000e+00 8.984000000000000874e-01
-1.154221719309999798e+02 3.235509451120000080e+01 4.880000000000000000e+02 1.045176745370167554e-01 0.000000000000000000e+00 8.920999999999998931e-01
-1.154221719309999798e+02 3.236409451120000114e+01 4.890000000000000000e+02 1.326067156669140656e-01 0.000000000000000000e+00 9.954999999999999405e-01
-1.154221719309999798e+02 3.237309451120000148e+01 4.900000000000000000e+02 1.642226174043693310e-01 0.000000000000000000e+00 1.092999999999999972e+00
-1.154221719309999798e+02 3.238209451120000182e+01 4.910000000000000000e+02 3.663021841869072426e-01 0.000000000000000000e+00 1.118999999999999995e+00
-1.154221719309999798e+02 3.239109451120000216e+01 4.920000000000000000e+02 5.728638466179378774e-01 2.000000000000000000e+00 1.169999999999999929e+00
-1.154221719309999798e+02 3.240009451120000250e+01 4.930000000000000000e+02 6.768670218467739419e-01 1.000000000000000000e+00 1.195000000000000062e+00
-1.154221719309999798e+02 3.240909451120000284e+01 4.940000000000000000e+02 7.917067726732656130e-01 1.000000000000000000e+00 1.159000000000000030e+00
-1.154131719309999937e+02 3.231009451119999909e+01 4.950000000000000000e+02 nan nan 5.848738849160000086e-01
-1.154131719309999937e+02 3.231909451119999943e+01 4.960000000000000000e+02 nan nan 6.215922236440000193e-01
-1.154131719309999937e+02 3.232809451119999977e+01 4.970000000000000000e+02 3.912772465997314542e-01 0.000000000000000000e+00 8.488999999999999879e-01
-1.154131719309999937e+02 3.233709451120000011e+01 4.980000000000000000e+02 1.023894618735315121e-01 0.000000000000000000e+00 8.048999999999999488e-01
-1.154131719309999937e+02 3.234609451120000045e+01 4.990000000000000000e+02 1.045044889237734809e-01 0.000000000000000000e+00 9.127499999999999503e-01
-1.154131719309999937e+02 3.235509451120000080e+01 5.000000000000000000e+02 1.952409520445611280e-01 0.000000000000000000e+00 9.858000000000000096e-01
-1.154131719309999937e+02 3.236409451120000114e+01 5.010000000000000000e+02 1.328094585553875329e-01 0.000000000000000000e+00 1.088000000000000078e+00
-1.154131719309999937e+02 3.237309451120000148e+01 5.020000000000000000e+02 3.757754711190702812e-01 0.000000000000000000e+00 1.107999999999999874e+00
-1.154131719309999937e+02 3.238209451120000182e+01 5.030000000000000000e+02 5.035817618980558130e-01 2.000000000000000000e+00 1.165999999999999925e+00
-1.154131719309999937e+02 3.239109451120000216e+01 5.040000000000000000e+02 5.920585905592069542e-01 2.000000000000000000e+00 1.201999999999999957e+00
-1.154131719309999937e+02 3.240009451120000250e+01 5.050000000000000000e+02 6.644007305810029074e-01 1.000000000000000000e+00 1.175000000000000044e+00
-1.154041719309999792e+02 3.231009451119999909e+01 5.060000000000000000e+02 nan nan 6.059148907660000249e-01
-1.154041719309999792e+02 3.231909451119999943e+01 5.070000000000000000e+02 nan nan 6.356444358824999696e-01
-1.154041719309999792e+02 3.232809451119999977e+01 5.080000000000000000e+02 1.861226996275231471e-01 0.000000000000000000e+00 8.293500000000000316e-01
-1.154041719309999792e+02 3.233709451120000011e+01 5.090000000000000000e+02 1.712915507563178286e-01 0.000000000000000000e+00 9.184499999999999886e-01
-1.154041719309999792e+02 3.234609451120000045e+01 5.100000000000000000e+02 2.828672016574856896e-01 0.000000000000000000e+00 9.894999999999999352e-01
-1.154041719309999792e+02 3.235509451120000080e+01 5.110000000000000000e+02 2.435694528891214627e-01 0.000000000000000000e+00 1.102500000000000036e+00
-1.154041719309999792e+02 3.236409451120000114e+01 5.120000000000000000e+02 1.581870429709075210e-01 0.000000000000000000e+00 1.118500000000000050e+00
-1.154041719309999792e+02 3.237309451120000148e+01 5.130000000000000000e+02 5.209766911207814877e-01 2.000000000000000000e+00 1.163000000000000034e+00
-1.154041719309999792e+02 3.238209451120000182e+01 5.140000000000000000e+02 4.153684083628784718e-01 2.000000000000000000e+00 1.197999999999999954e+00
-1.154041719309999792e+02 3.239109451120000216e+01 5.150000000000000000e+02 6.621822360243824201e-01 1.000000000000000000e+00 1.176000000000000156e+00
-1.153951719309999930e+02 3.230109451119999875e+01 5.160000000000000000e+02 nan nan 6.188980638979999505e-01
-1.153951719309999930e+02 3.231009451119999909e+01 5.170000000000000000e+02 nan nan 6.305731981992499513e-01
-1.153951719309999930e+02 3.231909451119999943e+01 5.180000000000000000e+02 nan nan 6.422483325004999521e-01
-1.153951719309999930e+02 3.232809451119999977e+01 5.190000000000000000e+02 2.931645337991668487e-01 0.000000000000000000e+00 9.089000000000000412e-01
-1.153951719309999930e+02 3.233709451120000011e+01 5.200000000000000000e+02 2.124329569142239249e-01 0.000000000000000000e+00 1.010999999999999899e+00
-1.153951719309999930e+02 3.234609451120000045e+01 5.210000000000000000e+02 1.825636049332226285e-01 0.000000000000000000e+00 1.059499999999999886e+00
-1.153951719309999930e+02 3.235509451120000080e+01 5.220000000000000000e+02 3.830676689103322818e-01 0.000000000000000000e+00 1.080999999999999961e+00
-1.153951719309999930e+02 3.236409451120000114e+01 5.230000000000000000e+02 5.121648262825994058e-01 0.000000000000000000e+00 1.165999999999999925e+00
-1.153951719309999930e+02 3.237309451120000148e+01 5.240000000000000000e+02 5.980113732671216153e-01 2.000000000000000000e+00 1.193000000000000060e+00
-1.153951719309999930e+02 3.238209451120000182e+01 5.250000000000000000e+02 5.951093270090818121e-01 2.000000000000000000e+00 1.167000000000000037e+00
-1.153861719309999785e+02 3.230109451119999875e+01 5.260000000000000000e+02 nan nan 6.335809826849999604e-01
-1.153861719309999785e+02 3.231009451119999909e+01 5.270000000000000000e+02 nan nan 6.341904997824999723e-01
-1.153861719309999785e+02 3.231909451119999943e+01 5.280000000000000000e+02 nan nan 6.348000168799999843e-01
-1.153861719309999785e+02 3.232809451119999977e+01 5.290000000000000000e+02 2.295236287805945408e-01 0.000000000000000000e+00 1.002000000000000002e+00
-1.153861719309999785e+02 3.233709451120000011e+01 5.300000000000000000e+02 2.093816277405775583e-01 0.000000000000000000e+00 1.054000000000000048e+00
-1.153861719309999785e+02 3.234609451120000045e+01 5.310000000000000000e+02 2.350830039501205504e-01 0.000000000000000000e+00 1.016999999999999904e+00
-1.153861719309999785e+02 3.235509451120000080e+01 5.320000000000000000e+02 2.100856915513854561e-01 0.000000000000000000e+00 1.095999999999999863e+00
-1.153861719309999785e+02 3.236409451120000114e+01 5.330000000000000000e+02 5.173256203639958750e-01 0.000000000000000000e+00 1.187000000000000055e+00
-1.153861719309999785e+02 3.237309451120000148e+01 5.340000000000000000e+02 6.070096810289901113e-01 2.000000000000000000e+00 1.164000000000000146e+00
-1.153861719309999785e+02 3.238209451120000182e+01 5.350000000000000000e+02 6.423875956342824933e-01 2.000000000000000000e+00 1.132000000000000117e+00
-1.153771719309999924e+02 3.230109451119999875e+01 5.360000000000000000e+02 nan nan 6.305201053619999829e-01
-1.153771719309999924e+02 3.231009451119999909e+01 5.370000000000000000e+02 nan nan 6.501506567002499626e-01
-1.153771719309999924e+02 3.231909451119999943e+01 5.380000000000000000e+02 nan nan 6.697812080384999422e-01
-1.153771719309999924e+02 3.232809451119999977e+01 5.390000000000000000e+02 2.979666499478629826e-01 0.000000000000000000e+00 1.078000000000000069e+00
-1.153771719309999924e+02 3.233709451120000011e+01 5.400000000000000000e+02 2.206725881150147506e-01 0.000000000000000000e+00 9.899999999999999911e-01
-1.153771719309999924e+02 3.234609451120000045e+01 5.410000000000000000e+02 3.394369138153665588e-01 0.000000000000000000e+00 1.076000000000000068e+00
-1.153771719309999924e+02 3.235509451120000080e+01 5.420000000000000000e+02 5.625424335882208693e-01 0.000000000000000000e+00 1.171000000000000041e+00
-1.153771719309999924e+02 3.236409451120000114e+01 5.430000000000000000e+02 6.748604365818137163e-01 1.000000000000000000e+00 1.133000000000000007e+00
-1.153771719309999924e+02 3.237309451120000148e+01 5.440000000000000000e+02 6.259099128080937158e-01 2.000000000000000000e+00 1.141000000000000014e+00
-1.153771719309999924e+02 3.238209451120000182e+01 5.450000000000000000e+02 7.997044029689097666e-01 1.000000000000000000e+00 1.105999999999999872e+00
-1.153681719309999778e+02 3.229209451119999841e+01 5.460000000000000000e+02 nan nan 5.898892879485000407e-01
-1.153681719309999778e+02 3.230109451119999875e+01 5.470000000000000000e+02 nan nan 6.274592280390000054e-01
-1.153681719309999778e+02 3.231009451119999909e+01 5.480000000000000000e+02 nan nan 6.661108136180000638e-01
-1.153681719309999778e+02 3.231909451119999943e+01 5.490000000000000000e+02 nan nan 7.047623991970000112e-01
-1.153681719309999778e+02 3.232809451119999977e+01 5.500000000000000000e+02 3.103643386171703877e-01 0.000000000000000000e+00 9.897000000000000242e-01
-1.153681719309999778e+02 3.233709451120000011e+01 5.510000000000000000e+02 2.777266733050509639e-01 0.000000000000000000e+00 9.976000000000000423e-01
-1.153681719309999778e+02 3.234609451120000045e+01 5.520000000000000000e+02 2.253393179922549006e-01 0.000000000000000000e+00 1.133999999999999897e+00
-1.153681719309999778e+02 3.235509451120000080e+01 5.530000000000000000e+02 4.451634752412261253e-01 2.000000000000000000e+00 1.161999999999999922e+00
-1.153681719309999778e+02 3.236409451120000114e+01 5.540000000000000000e+02 6.101987130523791603e-01 2.000000000000000000e+00 1.143000000000000016e+00
-1.153681719309999778e+02 3.237309451120000148e+01 5.550000000000000000e+02 7.719727812967683844e-01 1.000000000000000000e+00 1.125000000000000000e+00
-1.153591719309999917e+02 3.229209451119999841e+01 5.560000000000000000e+02 nan nan 6.410552263257500716e-01
-1.153591719309999917e+02 3.230109451119999875e+01 5.570000000000000000e+02 nan nan 6.694374382495000830e-01
-1.153591719309999917e+02 3.231009451119999909e+01 5.580000000000000000e+02 nan nan 6.823976337910000467e-01
-1.153591719309999917e+02 3.231909451119999943e+01 5.590000000000000000e+02 nan nan 6.953578293325000104e-01
-1.153591719309999917e+02 3.232809451119999977e+01 5.600000000000000000e+02 nan nan 7.070043981077499540e-01
-1.153591719309999917e+02 3.233709451120000011e+01 5.610000000000000000e+02 4.975935335316518104e-01 0.000000000000000000e+00 1.022000000000000020e+00
-1.153591719309999917e+02 3.234609451120000045e+01 5.620000000000000000e+02 2.623271897921468088e-01 0.000000000000000000e+00 1.110999999999999988e+00
-1.153591719309999917e+02 3.235509451120000080e+01 5.630000000000000000e+02 4.478847785385798308e-01 0.000000000000000000e+00 1.135000000000000009e+00
-1.153591719309999917e+02 3.236409451120000114e+01 5.640000000000000000e+02 4.168266745977967092e-01 2.000000000000000000e+00 1.118999999999999995e+00
-1.153591719309999917e+02 3.237309451120000148e+01 5.650000000000000000e+02 7.832104602432806706e-01 1.000000000000000000e+00 1.095999999999999863e+00
-1.153501719309999771e+02 3.229209451119999841e+01 5.660000000000000000e+02 nan nan 6.922211647030001025e-01
-1.153501719309999771e+02 3.230109451119999875e+01 5.670000000000000000e+02 nan nan 7.114156484600000496e-01
-1.153501719309999771e+02 3.231009451119999909e+01 5.680000000000000000e+02 nan nan 6.986844539640000296e-01
-1.153501719309999771e+02 3.231909451119999943e+01 5.690000000000000000e+02 nan nan 6.859532594680000095e-01
-1.153501719309999771e+02 3.232809451119999977e+01 5.700000000000000000e+02 nan nan 7.142627835274999448e-01
-1.153501719309999771e+02 3.233709451120000011e+01 5.710000000000000000e+02 5.085588311769649872e-01 2.000000000000000000e+00 1.070999999999999952e+00
-1.153501719309999771e+02 3.234609451120000045e+01 5.720000000000000000e+02 5.749288989833096775e-01 2.000000000000000000e+00 1.125500000000000167e+00
-1.153501719309999771e+02 3.235509451120000080e+01 5.730000000000000000e+02 5.436845753605724640e-01 2.000000000000000000e+00 1.106999999999999984e+00
-1.153501719309999771e+02 3.236409451120000114e+01 5.740000000000000000e+02 5.626635183341276436e-01 2.000000000000000000e+00 1.086999999999999966e+00
-1.153411719309999910e+02 3.229209451119999841e+01 5.750000000000000000e+02 nan nan 7.080170214175000032e-01
-1.153411719309999910e+02 3.230109451119999875e+01 5.760000000000000000e+02 nan nan 7.205269932744999828e-01
-1.153411719309999910e+02 3.231009451119999909e+01 5.770000000000000000e+02 nan nan 7.241332381962499731e-01
-1.153411719309999910e+02 3.231909451119999943e+01 5.780000000000000000e+02 nan nan 7.277394831179999635e-01
-1.153411719309999910e+02 3.232809451119999977e+01 5.790000000000000000e+02 nan nan 7.345128357410000142e-01
-1.153411719309999910e+02 3.233709451120000011e+01 5.800000000000000000e+02 6.642525174478888239e-01 1.000000000000000000e+00 1.110999999999999988e+00
-1.153411719309999910e+02 3.234609451120000045e+01 5.810000000000000000e+02 6.096083612377212191e-01 2.000000000000000000e+00 1.098000000000000087e+00
-1.153411719309999910e+02 3.235509451120000080e+01 5.820000000000000000e+02 6.654366831855142994e-01 1.000000000000000000e+00 1.074999999999999956e+00
-1.153411719309999910e+02 3.236409451120000114e+01 5.830000000000000000e+02 7.919906704921374496e-01 1.000000000000000000e+00 1.049000000000000155e+00
-1.153321719309999764e+02 3.229209451119999841e+01 5.840000000000000000e+02 nan nan 7.238128781320000149e-01
-1.153321719309999764e+02 3.230109451119999875e+01 5.850000000000000000e+02 nan nan 7.296383380890000270e-01
-1.153321719309999764e+02 3.231009451119999909e+01 5.860000000000000000e+02 nan nan 7.495820224285000277e-01
-1.153321719309999764e+02 3.231909451119999943e+01 5.870000000000000000e+02 nan nan 7.695257067680000285e-01
-1.153321719309999764e+02 3.232809451119999977e+01 5.880000000000000000e+02 nan nan 7.547628879545000835e-01
-1.153321719309999764e+02 3.233709451120000011e+01 5.890000000000000000e+02 7.812546396977606555e-01 1.000000000000000000e+00 1.032000000000000028e+00
-1.153321719309999764e+02 3.234609451120000045e+01 5.900000000000000000e+02 7.723678787924314060e-01 1.000000000000000000e+00 1.039000000000000146e+00
-1.153231719309999903e+02 3.230109451119999875e+01 5.910000000000000000e+02 nan nan 7.058594822885000397e-01
